461, 1871, 1847/5520, 106, 1252
461, 1873, 1849/5520, 106, 1252
461, 1879, 371/1104, 106, 1252
461, 1907, 1883/5520, 106, 1254
461, 1913, 1889/5520, 106, 1254
461, 1979, 17/48, 106, 1260
461, 1993, 1969/5520, 106, 1262
461, 1999, 395/1104, 106, 1262
461, 2003, 1979/5520, 106, 1262
461, 2017, 1993/5520, 106, 1264
461, 2027, 2003/5520, 106, 1264
461, 2029, 401/1104, 106, 1264
461, 2063, 2039/5520, 106, 1268
461, 2083, 2059/5520, 106, 1268
461, 2099, 415/1104, 106, 1270
461, 2111, 2087/5520, 106, 1272
461, 2113, 2089/5520, 106, 1272
461, 2129, 421/1104, 106, 1272
461, 2131, 2107/5520, 106, 1272
461, 2137, 2113/5520, 106, 1274
461, 2153, 2129/5520, 106, 1274
461, 2207, 2183/5520, 106, 1278
461, 2239, 443/1104, 106, 1280
461, 2287, 2263/5520, 106, 1284
461, 2293, 2269/5520, 106, 1284
461, 2297, 2273/5520, 106, 1286
461, 2333, 2309/5520, 106, 1288
461, 2339, 463/1104, 106, 1288
461, 2347, 101/240, 106, 1288
461, 2351, 2327/5520, 106, 1288
461, 2357, 2333/5520, 106, 1290
461, 2371, 2347/5520, 106, 1290
461, 2383, 2359/5520, 106, 1292
461, 2411, 2387/5520, 106, 1294
461, 2417, 2393/5520, 106, 1294
461, 2423, 2399/5520, 106, 1294
461, 2441, 2417/5520, 106, 1296
461, 2459, 487/1104, 106, 1296
461, 2473, 2449/5520, 106, 1298
461, 2531, 109/240, 106, 1302
461, 2579, 511/1104, 106, 1304
461, 2593, 2569/5520, 107, 1306
461, 2617, 2593/5520, 107, 1306
461, 2633, 2609/5520, 106, 1308
461, 2647, 2623/5520, 106, 1308
461, 2683, 2659/5520, 106, 1310
461, 2687, 2663/5520, 106, 1312
461, 2711, 2687/5520, 106, 1312
461, 2719, 539/1104, 107, 1314
461, 2731, 2707/5520, 106, 1314
461, 2777, 2753/5520, 106, 1316
461, 2797, 2773/5520, 107, 1318
461, 2801, 2777/5520, 106, 1318
461, 2897, 2873/5520, 107, 1324
461, 2927, 2903/5520, 107, 1326
461, 2939, 583/1104, 107, 1326
461, 2953, 2929/5520, 107, 1326
461, 2963, 2939/5520, 107, 1328
461, 2999, 595/1104, 107, 1330
461, 3001, 2977/5520, 107, 1330
461, 3019, 599/1104, 107, 1330
461, 3023, 2999/5520, 107, 1330
461, 3037, 131/240, 107, 1332
461, 3049, 605/1104, 107, 1332
461, 3067, 3043/5520, 107, 1334
461, 3079, 611/1104, 107, 1334
461, 3109, 617/1104, 107, 1336
461, 3121, 3097/5520, 107, 1336
461, 3137, 3113/5520, 107, 1336
461, 3181, 3157/5520, 107, 1340
461, 3187, 3163/5520, 107, 1340
461, 3209, 637/1104, 107, 1340
461, 3217, 3193/5520, 107, 1340
461, 3229, 641/1104, 107, 1342
461, 3271, 3247/5520, 107, 1344
461, 3343, 3319/5520, 107, 1348
461, 3433, 3409/5520, 107, 1352
461, 3449, 685/1104, 107, 1352
461, 3457, 3433/5520, 107, 1352
461, 3467, 3443/5520, 107, 1354
461, 3469, 689/1104, 107, 1354
461, 3491, 3467/5520, 107, 1354
461, 3511, 3487/5520, 107, 1356
461, 3527, 3503/5520, 107, 1356
461, 3529, 701/1104, 107, 1356
461, 3533, 3509/5520, 107, 1356
461, 3539, 703/1104, 107, 1356
461, 3541, 3517/5520, 107, 1356
461, 3557, 3533/5520, 107, 1358
461, 3571, 3547/5520, 107, 1358
461, 3623, 3599/5520, 107, 1360
461, 3637, 3613/5520, 107, 1362
461, 3659, 727/1104, 107, 1362
461, 3673, 3649/5520, 107, 1362
461, 3677, 3653/5520, 107, 1364
461, 3691, 3667/5520, 107, 1364

509, 2063, 2039/6096, 119, 1400
509, 2069, 2045/6096, 119, 1400
509, 2083, 2059/6096, 119, 1402
509, 2087, 2063/6096, 119, 1402
509, 2089, 2065/6096, 119, 1402
509, 2099, 2075/6096, 119, 1402
509, 2111, 2087/6096, 119, 1404
509, 2113, 2089/6096, 119, 1404
509, 2131, 2107/6096, 119, 1406
509, 2153, 2129/6096, 119, 1408
509, 2179, 2155/6096, 119, 1410
509, 2207, 2183/6096, 119, 1412
509, 2237, 2213/6096, 119, 1414
509, 2239, 2215/6096, 119, 1414
509, 2269, 2245/6096, 119, 1416
509, 2293, 2269/6096, 119, 1418
509, 2309, 2285/6096, 119, 1420
509, 2333, 2309/6096, 119, 1422
509, 2339, 2315/6096, 119, 1422
509, 2341, 2317/6096, 119, 1422
509, 2347, 2323/6096, 119, 1422
509, 2351, 2327/6096, 119, 1424
509, 2357, 2333/6096, 119, 1424
509, 2377, 2353/6096, 119, 1426
509, 2381, 2357/6096, 119, 1426
509, 2383, 2359/6096, 119, 1426
509, 2399, 2375/6096, 119, 1426
509, 2411, 2387/6096, 119, 1428
509, 2417, 2393/6096, 119, 1428
509, 2437, 19/48, 119, 1430
509, 2447, 2423/6096, 119, 1430
509, 2459, 2435/6096, 119, 1432
509, 2467, 2443/6096, 119, 1432
509, 2473, 2449/6096, 119, 1432
509, 2503, 2479/6096, 119, 1434
509, 2543, 2519/6096, 119, 1438
509, 2557, 2533/6096, 119, 1438
509, 2579, 2555/6096, 119, 1440
509, 2591, 2567/6096, 119, 1442
509, 2593, 2569/6096, 119, 1442
509, 2617, 2593/6096, 119, 1442
509, 2621, 2597/6096, 119, 1444
509, 2633, 2609/6096, 119, 1444
509, 2657, 2633/6096, 119, 1446
509, 2659, 2635/6096, 119, 1446
509, 2677, 2653/6096, 119, 1448
509, 2687, 2663/6096, 119, 1448
509, 2707, 2683/6096, 119, 1450
509, 2711, 2687/6096, 119, 1450
509, 2713, 2689/6096, 119, 1450
509, 2729, 2705/6096, 119, 1450
509, 2731, 2707/6096, 119, 1450
509, 2749, 2725/6096, 119, 1452
509, 2777, 2753/6096, 119, 1454
509, 2789, 2765/6096, 119, 1454
509, 2791, 2767/6096, 119, 1454
509, 2797, 2773/6096, 119, 1456
509, 2819, 2795/6096, 119, 1456
509, 2833, 2809/6096, 119, 1458
509, 2851, 2827/6096, 119, 1458
509, 2857, 2833/6096, 119, 1458
509, 2861, 2837/6096, 119, 1460
509, 2879, 2855/6096, 119, 1460
509, 2897, 2873/6096, 119, 1462
509, 2903, 2879/6096, 119, 1462
509, 3001, 2977/6096, 119, 1468
509, 3019, 2995/6096, 119, 1470
509, 3023, 2999/6096, 119, 1470
509, 3041, 3017/6096, 119, 1470
509, 3061, 3037/6096, 119, 1472
509, 3067, 3043/6096, 119, 1472
509, 3089, 3065/6096, 119, 1474
509, 3119, 3095/6096, 119, 1476
509, 3203, 3179/6096, 119, 1480
509, 3209, 3185/6096, 119, 1480
509, 3217, 3193/6096, 119, 1480
509, 3229, 3205/6096, 119, 1482
509, 3251, 3227/6096, 119, 1482
509, 3257, 3233/6096, 119, 1484
509, 3259, 3235/6096, 119, 1484
509, 3313, 3289/6096, 119, 1486
509, 3319, 3295/6096, 119, 1486
509, 3323, 3299/6096, 119, 1486
509, 3331, 3307/6096, 119, 1488
509, 3359, 3335/6096, 119, 1488
509, 3361, 3337/6096, 119, 1488
509, 3371, 3347/6096, 119, 1490
509, 3449, 3425/6096, 119, 1494
509, 3491, 3467/6096, 119, 1496
509, 3511, 3487/6096, 120, 1496
509, 3517, 3493/6096, 119, 1498
509, 3529, 3505/6096, 120, 1498
509, 3541, 3517/6096, 119, 1498
509, 3571, 3547/6096, 119, 1500
509, 3581, 3557/6096, 120, 1500
509, 3613, 3589/6096, 120, 1502
509, 3623, 3599/6096, 119, 1502
509, 3637, 3613/6096, 120, 1504
509, 3671, 3647/6096, 119, 1504
509, 3673, 3649/6096, 120, 1506
509, 3677, 3653/6096, 120, 1506
509, 3691, 3667/6096, 119, 1506
509, 3697, 3673/6096, 120, 1506
509, 3709, 3685/6096, 120, 1506
509, 3727, 3703/6096, 120, 1508
509, 3733, 3709/6096, 120, 1508
509, 3761, 3737/6096, 120, 1510
509, 3767, 3743/6096, 119, 1510
509, 3769, 3745/6096, 120, 1510
509, 3793, 3769/6096, 120, 1510
509, 3803, 3779/6096, 120, 1512
509, 3823, 3799/6096, 120, 1512
509, 3851, 3827/6096, 120, 1514
509, 3853, 3829/6096, 120, 1514
509, 3863, 3839/6096, 120, 1514
509, 3881, 3857/6096, 120, 1516
509, 3907, 3883/6096, 120, 1516
509, 3911, 3887/6096, 120, 1516
509, 3917, 3893/6096, 120, 1516
509, 3923, 3899/6096, 120, 1518
509, 3929, 3905/6096, 120, 1518
509, 3943, 3919/6096, 120, 1518
509, 4003, 3979/6096, 120, 1520
509, 4007, 3983/6096, 120, 1520
509, 4013, 3989/6096, 120, 1522
509, 4019, 3995/6096, 120, 1522
509, 4021, 3997/6096, 120, 1522
509, 4057, 4033/6096, 120, 1524
509, 4079, 4055/6096, 120, 1524
509, 4091, 2/3, 120, 1524

557, 2269, 2245/6672, 132, 1550
557, 2273, 2249/6672, 131, 1550
557, 2281, 2257/6672, 132, 1552
557, 2357, 2333/6672, 132, 1558
557, 2389, 2365/6672, 132, 1560
557, 2393, 2369/6672, 132, 1562
557, 2417, 2393/6672, 132, 1564
557, 2423, 2399/6672, 132, 1564
557, 2437, 2413/6672, 132, 1564
557, 2441, 2417/6672, 132, 1566
557, 2447, 2423/6672, 132, 1566
557, 2467, 2443/6672, 132, 1568
557, 2473, 2449/6672, 132, 1568
557, 2477, 2453/6672, 132, 1568
557, 2503, 2479/6672, 132, 1570
557, 2521, 2497/6672, 132, 1572
557, 2531, 2507/6672, 132, 1572
557, 2539, 2515/6672, 132, 1574
557, 2543, 2519/6672, 132, 1574
557, 2557, 2533/6672, 132, 1574
557, 2591, 2567/6672, 132, 1578
557, 2593, 2569/6672, 132, 1578
557, 2609, 2585/6672, 132, 1578
557, 2621, 2597/6672, 132, 1580
557, 2633, 2609/6672, 132, 1580
557, 2647, 2623/6672, 132, 1582
557, 2657, 2633/6672, 132, 1582
557, 2659, 2635/6672, 132, 1582
557, 2677, 2653/6672, 132, 1584
557, 2687, 2663/6672, 132, 1584
557, 2693, 2669/6672, 132, 1584
557, 2699, 2675/6672, 132, 1586
557, 2707, 2683/6672, 132, 1586
557, 2713, 2689/6672, 132, 1586
557, 2719, 2695/6672, 132, 1586
557, 2729, 2705/6672, 132, 1588
557, 2741, 2717/6672, 132, 1588
557, 2753, 2729/6672, 132, 1590
557, 2767, 2743/6672, 132, 1590
557, 2777, 2753/6672, 132, 1592
557, 2797, 2773/6672, 132, 1592
557, 2803, 2779/6672, 132, 1592
557, 2819, 2795/6672, 132, 1594
557, 2833, 2809/6672, 132, 1596
557, 2837, 2813/6672, 132, 1596
557, 2843, 2819/6672, 132, 1596
557, 2851, 2827/6672, 132, 1596
557, 2857, 2833/6672, 132, 1596
557, 2909, 2885/6672, 132, 1600
557, 2927, 2903/6672, 132, 1602
557, 2971, 2947/6672, 132, 1604
557, 3011, 2987/6672, 132, 1608
557, 3023, 2999/6672, 132, 1608
557, 3049, 3025/6672, 132, 1610
557, 3067, 3043/6672, 132, 1610
557, 3083, 3059/6672, 132, 1612
557, 3119, 3095/6672, 132, 1614
557, 3121, 3097/6672, 132, 1614
557, 3181, 3157/6672, 132, 1618
557, 3191, 3167/6672, 132, 1618
557, 3217, 3193/6672, 132, 1620
557, 3251, 3227/6672, 132, 1622
557, 3253, 3229/6672, 132, 1622
557, 3257, 3233/6672, 132, 1624
557, 3301, 3277/6672, 132, 1626
557, 3307, 3283/6672, 132, 1626
557, 3319, 3295/6672, 132, 1626
557, 3329, 3305/6672, 132, 1628
557, 3331, 3307/6672, 132, 1628
557, 3347, 3323/6672, 132, 1628
557, 3373, 3349/6672, 132, 1630
557, 3389, 3365/6672, 132, 1632
557, 3433, 3409/6672, 132, 1634
557, 3449, 3425/6672, 132, 1634
557, 3467, 3443/6672, 132, 1636
557, 3529, 3505/6672, 132, 1640
557, 3533, 3509/6672, 132, 1640
557, 3541, 3517/6672, 132, 1640
557, 3557, 3533/6672, 132, 1640
557, 3559, 3535/6672, 132, 1640
557, 3581, 3557/6672, 132, 1642
557, 3593, 3569/6672, 132, 1642
557, 3613, 3589/6672, 132, 1644
557, 3617, 3593/6672, 132, 1644
557, 3637, 3613/6672, 132, 1646
557, 3671, 3647/6672, 132, 1648
557, 3673, 3649/6672, 132, 1648
557, 3677, 3653/6672, 132, 1648
557, 3691, 3667/6672, 132, 1648
557, 3697, 3673/6672, 132, 1648
557, 3719, 3695/6672, 132, 1650
557, 3733, 3709/6672, 132, 1650
557, 3761, 3737/6672, 132, 1652
557, 3769, 3745/6672, 132, 1652
557, 3779, 3755/6672, 132, 1652
557, 3821, 3797/6672, 132, 1656
557, 3833, 3809/6672, 132, 1656
557, 3847, 3823/6672, 132, 1656
557, 3851, 3827/6672, 132, 1656
557, 3881, 3857/6672, 132, 1658
557, 3907, 3883/6672, 132, 1660
557, 3911, 3887/6672, 132, 1660
557, 3917, 3893/6672, 132, 1660
557, 3919, 3895/6672, 132, 1660
557, 3929, 3905/6672, 132, 1660
557, 3931, 3907/6672, 132, 1660
557, 3943, 3919/6672, 132, 1662
557, 3947, 3923/6672, 132, 1662
557, 4007, 3983/6672, 132, 1664
557, 4019, 3995/6672, 132, 1666
557, 4027, 4003/6672, 132, 1666
557, 4051, 4027/6672, 132, 1666
557, 4057, 4033/6672, 132, 1668
557, 4079, 4055/6672, 132, 1668
557, 4091, 4067/6672, 132, 1668
557, 4093, 4069/6672, 132, 1668
557, 4099, 4075/6672, 132, 1670
557, 4111, 4087/6672, 132, 1670
557, 4127, 4103/6672, 132, 1670
557, 4129, 4105/6672, 132, 1670
557, 4153, 4129/6672, 132, 1672
557, 4177, 4153/6672, 133, 1672
557, 4211, 4187/6672, 132, 1674
557, 4217, 4193/6672, 132, 1674
557, 4219, 4195/6672, 132, 1674
557, 4241, 4217/6672, 132, 1676
557, 4243, 4219/6672, 132, 1676
557, 4261, 4237/6672, 132, 1676
557, 4327, 4303/6672, 133, 1680
557, 4339, 4315/6672, 132, 1680
557, 4349, 4325/6672, 133, 1682
557, 4357, 4333/6672, 132, 1682
557, 4409, 4385/6672, 132, 1684
557, 4421, 4397/6672, 133, 1684
557, 4451, 4427/6672, 133, 1686

653, 2647, 2623/7824, 157, 1854
653, 2657, 2633/7824, 157, 1856
653, 2677, 2653/7824, 157, 1856
653, 2683, 2659/7824, 157, 1858
653, 2687, 2663/7824, 157, 1858
653, 2707, 2683/7824, 157, 1860
653, 2731, 2707/7824, 157, 1862
653, 2753, 2729/7824, 157, 1864
653, 2767, 2743/7824, 157, 1864
653, 2789, 2765/7824, 157, 1866
653, 2801, 2777/7824, 157, 1868
653, 2833, 2809/7824, 157, 1870
653, 2843, 2819/7824, 157, 1872
653, 2851, 2827/7824, 157, 1872
653, 2857, 2833/7824, 157, 1872
653, 2909, 2885/7824, 157, 1876
653, 2927, 2903/7824, 157, 1878
653, 2939, 2915/7824, 157, 1878
653, 2963, 2939/7824, 157, 1880
653, 2999, 2975/7824, 157, 1884
653, 3011, 2987/7824, 157, 1884
653, 3019, 2995/7824, 157, 1886
653, 3023, 2999/7824, 157, 1886
653, 3037, 3013/7824, 157, 1886
653, 3041, 3017/7824, 157, 1886
653, 3067, 3043/7824, 157, 1888
653, 3083, 3059/7824, 157, 1890
653, 3109, 3085/7824, 157, 1892
653, 3119, 3095/7824, 157, 1892
653, 3137, 3113/7824, 157, 1894
653, 3163, 3139/7824, 157, 1896
653, 3167, 3143/7824, 157, 1896
653, 3181, 3157/7824, 157, 1898
653, 3203, 3179/7824, 157, 1900
653, 3209, 3185/7824, 157, 1900
653, 3217, 3193/7824, 157, 1900
653, 3251, 3227/7824, 157, 1902
653, 3253, 3229/7824, 157, 1902
653, 3257, 3233/7824, 157, 1904
653, 3313, 3289/7824, 157, 1908
653, 3359, 3335/7824, 157, 1910
653, 3371, 3347/7824, 157, 1912
653, 3373, 3349/7824, 157, 1912
653, 3391, 3367/7824, 157, 1912
653, 3413, 3389/7824, 157, 1914
653, 3449, 3425/7824, 157, 1916
653, 3457, 3433/7824, 158, 1918
653, 3463, 3439/7824, 157, 1918
653, 3467, 3443/7824, 157, 1918
653, 3491, 3467/7824, 157, 1920
653, 3499, 3475/7824, 157, 1920
653, 3511, 3487/7824, 158, 1920
653, 3527, 3503/7824, 157, 1922
653, 3533, 3509/7824, 158, 1922
653, 3539, 3515/7824, 158, 1922
653, 3541, 3517/7824, 157, 1922
653, 3607, 3583/7824, 158, 1928
653, 3617, 3593/7824, 158, 1928
653, 3623, 3599/7824, 157, 1928
653, 3631, 3607/7824, 158, 1928
653, 3637, 3613/7824, 158, 1930
653, 3659, 3635/7824, 158, 1930
653, 3673, 3649/7824, 158, 1932
653, 3677, 3653/7824, 158, 1932
653, 3691, 3667/7824, 158, 1932
653, 3697, 3673/7824, 158, 1932
653, 3779, 3755/7824, 158, 1938
653, 3793, 3769/7824, 158, 1938
653, 3803, 3779/7824, 158, 1940
653, 3821, 3797/7824, 158, 1940
653, 3823, 3799/7824, 158, 1940
653, 3847, 3823/7824, 158, 1942
653, 3851, 3827/7824, 158, 1942
653, 3853, 3829/7824, 158, 1942
653, 3863, 3839/7824, 158, 1944
653, 3877, 3853/7824, 158, 1944
653, 3881, 3857/7824, 158, 1944
653, 3889, 3865/7824, 158, 1944
653, 3923, 3899/7824, 158, 1946
653, 3947, 3923/7824, 158, 1948
653, 3989, 3965/7824, 158, 1950
653, 4001, 3977/7824, 158, 1952
653, 4007, 3983/7824, 158, 1952
653, 4013, 3989/7824, 158, 1952
653, 4021, 3997/7824, 158, 1952
653, 4057, 4033/7824, 158, 1954
653, 4073, 4049/7824, 158, 1956
653, 4091, 4067/7824, 158, 1956
653, 4099, 25/48, 158, 1958
653, 4111, 4087/7824, 158, 1958
653, 4139, 4115/7824, 158, 1960
653, 4153, 4129/7824, 158, 1960
653, 4157, 4133/7824, 158, 1960
653, 4159, 4135/7824, 158, 1960
653, 4177, 4153/7824, 158, 1962
653, 4201, 4177/7824, 158, 1962
653, 4219, 4195/7824, 158, 1964
653, 4229, 4205/7824, 158, 1964
653, 4241, 4217/7824, 158, 1966
653, 4271, 4247/7824, 158, 1966
653, 4283, 4259/7824, 158, 1968
653, 4297, 4273/7824, 158, 1968
653, 4327, 4303/7824, 158, 1970
653, 4337, 4313/7824, 158, 1970
653, 4349, 4325/7824, 158, 1972
653, 4357, 4333/7824, 158, 1972
653, 4373, 4349/7824, 158, 1972
653, 4391, 4367/7824, 158, 1974
653, 4397, 4373/7824, 158, 1974
653, 4409, 4385/7824, 158, 1974
653, 4423, 4399/7824, 158, 1976
653, 4451, 4427/7824, 158, 1976
653, 4463, 4439/7824, 158, 1978
653, 4483, 4459/7824, 158, 1978
653, 4523, 4499/7824, 158, 1980
653, 4549, 4525/7824, 158, 1982
653, 4583, 4559/7824, 158, 1984
653, 4591, 4567/7824, 158, 1984
653, 4597, 4573/7824, 158, 1984
653, 4603, 4579/7824, 158, 1984
653, 4621, 4597/7824, 158, 1986
653, 4639, 4615/7824, 158, 1986
653, 4643, 4619/7824, 158, 1986
653, 4651, 4627/7824, 158, 1986
653, 4673, 4649/7824, 158, 1988
653, 4679, 4655/7824, 158, 1988
653, 4691, 4667/7824, 158, 1988
653, 4703, 4679/7824, 158, 1990
653, 4723, 4699/7824, 158, 1990
653, 4729, 4705/7824, 158, 1990
653, 4733, 4709/7824, 158, 1990
653, 4751, 29/48, 158, 1992
653, 4789, 4765/7824, 158, 1994
653, 4793, 4769/7824, 158, 1994
653, 4799, 4775/7824, 158, 1994
653, 4813, 4789/7824, 158, 1994
653, 4817, 4793/7824, 158, 1996
653, 4831, 4807/7824, 158, 1996
653, 4861, 4837/7824, 158, 1998
653, 4871, 4847/7824, 158, 1998
653, 4903, 4879/7824, 158, 2000
653, 4909, 4885/7824, 158, 2000
653, 4937, 4913/7824, 158, 2000
653, 4943, 4919/7824, 158, 2002
653, 4951, 4927/7824, 158, 2002
653, 4969, 4945/7824, 158, 2002
653, 4973, 4949/7824, 158, 2002
653, 4987, 4963/7824, 158, 2004
653, 4993, 4969/7824, 158, 2004
653, 5003, 4979/7824, 158, 2004
653, 5021, 4997/7824, 158, 2004
653, 5051, 5027/7824, 158, 2006
653, 5077, 31/48, 158, 2008
653, 5099, 5075/7824, 158, 2008
653, 5153, 5129/7824, 158, 2010
653, 5167, 5143/7824, 158, 2012
653, 5179, 5155/7824, 158, 2012
653, 5189, 5165/7824, 158, 2012
653, 5197, 5173/7824, 158, 2012
653, 5227, 5203/7824, 158, 2014

677, 2753, 2729/8112, 163, 1932
677, 2791, 2767/8112, 163, 1936
677, 2797, 2773/8112, 163, 1936
677, 2819, 215/624, 163, 1938
677, 2833, 2809/8112, 163, 1940
677, 2861, 2837/8112, 163, 1942
677, 2879, 2855/8112, 163, 1944
677, 2887, 2863/8112, 163, 1944
677, 2939, 2915/8112, 163, 1948
677, 2953, 2929/8112, 164, 1950
677, 2963, 2939/8112, 164, 1950
677, 2969, 2945/8112, 163, 1950
677, 2999, 2975/8112, 163, 1952
677, 3019, 2995/8112, 163, 1954
677, 3089, 3065/8112, 164, 1960
677, 3119, 3095/8112, 164, 1962
677, 3121, 3097/8112, 164, 1962
677, 3191, 3167/8112, 164, 1968
677, 3209, 245/624, 164, 1970
677, 3217, 3193/8112, 164, 1970
677, 3229, 3205/8112, 164, 1972
677, 3257, 3233/8112, 164, 1974
677, 3271, 3247/8112, 164, 1974
677, 3313, 253/624, 164, 1978
677, 3343, 3319/8112, 164, 1980
677, 3413, 3389/8112, 164, 1984
677, 3433, 3409/8112, 164, 1986
677, 3457, 3433/8112, 164, 1988
677, 3461, 3437/8112, 164, 1988
677, 3467, 3443/8112, 164, 1988
677, 3499, 3475/8112, 164, 1990
677, 3527, 3503/8112, 164, 1992
677, 3539, 3515/8112, 164, 1994
677, 3541, 3517/8112, 164, 1994
677, 3547, 271/624, 164, 1994
677, 3557, 3533/8112, 164, 1994
677, 3559, 3535/8112, 164, 1994
677, 3571, 3547/8112, 164, 1996
677, 3623, 3599/8112, 164, 2000
677, 3637, 3613/8112, 164, 2000
677, 3643, 3619/8112, 164, 2000
677, 3659, 3635/8112, 164, 2002
677, 3673, 3649/8112, 164, 2002
677, 3677, 281/624, 164, 2002
677, 3719, 3695/8112, 164, 2006
677, 3767, 3743/8112, 164, 2008
677, 3793, 3769/8112, 164, 2010
677, 3803, 3779/8112, 164, 2010
677, 3821, 3797/8112, 164, 2012
677, 3823, 3799/8112, 164, 2012
677, 3877, 3853/8112, 164, 2016
677, 3881, 3857/8112, 164, 2016
677, 3911, 23/48, 164, 2018
677, 3931, 3907/8112, 164, 2018
677, 3989, 305/624, 164, 2022
677, 4001, 3977/8112, 164, 2024
677, 4019, 3995/8112, 164, 2024
677, 4051, 4027/8112, 164, 2026
677, 4057, 4033/8112, 164, 2026
677, 4073, 4049/8112, 164, 2028
677, 4079, 4055/8112, 164, 2028
677, 4091, 4067/8112, 164, 2028
677, 4093, 313/624, 164, 2028
677, 4127, 4103/8112, 164, 2030
677, 4129, 4105/8112, 164, 2030
677, 4153, 4129/8112, 164, 2032
677, 4241, 4217/8112, 164, 2038
677, 4243, 4219/8112, 164, 2038
677, 4283, 4259/8112, 164, 2040
677, 4289, 4265/8112, 164, 2040
677, 4337, 4313/8112, 164, 2042
677, 4349, 4325/8112, 164, 2044
677, 4357, 4333/8112, 164, 2044
677, 4373, 4349/8112, 164, 2044
677, 4441, 4417/8112, 164, 2048
677, 4447, 4423/8112, 164, 2050
677, 4451, 4427/8112, 164, 2050
677, 4481, 4457/8112, 164, 2050
677, 4513, 4489/8112, 164, 2052
677, 4547, 4523/8112, 164, 2054
677, 4549, 4525/8112, 164, 2054
677, 4567, 4543/8112, 164, 2056
677, 4583, 4559/8112, 164, 2056
677, 4597, 4573/8112, 164, 2058
677, 4621, 4597/8112, 164, 2058
677, 4637, 4613/8112, 164, 2060
677, 4657, 4633/8112, 164, 2060
677, 4663, 4639/8112, 164, 2060
677, 4691, 359/624, 164, 2062
677, 4721, 4697/8112, 164, 2064
677, 4759, 4735/8112, 164, 2066
677, 4783, 4759/8112, 164, 2066
677, 4787, 4763/8112, 164, 2068
677, 4789, 4765/8112, 164, 2068
677, 4813, 4789/8112, 164, 2068
677, 4831, 4807/8112, 164, 2070
677, 4877, 4853/8112, 164, 2072
677, 4909, 4885/8112, 164, 2074
677, 4919, 4895/8112, 164, 2074
677, 4931, 4907/8112, 164, 2074
677, 4933, 4909/8112, 164, 2074
677, 4951, 379/624, 165, 2076
677, 4969, 4945/8112, 165, 2076
677, 4973, 4949/8112, 165, 2076
677, 4993, 4969/8112, 165, 2078
677, 4999, 4975/8112, 165, 2078
677, 5003, 383/624, 164, 2078
677, 5009, 4985/8112, 164, 2078
677, 5011, 4987/8112, 164, 2078
677, 5039, 5015/8112, 164, 2080
677, 5059, 5035/8112, 164, 2080
677, 5077, 5053/8112, 165, 2082
677, 5107, 391/624, 164, 2082
677, 5147, 5123/8112, 165, 2084
677, 5171, 5147/8112, 165, 2086
677, 5179, 5155/8112, 165, 2086
677, 5189, 5165/8112, 165, 2086
677, 5209, 5185/8112, 165, 2088
677, 5231, 5207/8112, 165, 2088
677, 5237, 401/624, 165, 2088
677, 5333, 5309/8112, 165, 2094
677, 5351, 5327/8112, 165, 2094
677, 5387, 5363/8112, 165, 2096
677, 5393, 413/624, 165, 2096
677, 5399, 5375/8112, 165, 2096
677, 5413, 5389/8112, 165, 2096
677, 5419, 415/624, 165, 2098

701, 2843, 2819/8400, 170, 2008
701, 2857, 2833/8400, 170, 2010
701, 2861, 2837/8400, 170, 2010
701, 2909, 577/1680, 170, 2014
701, 2927, 2903/8400, 170, 2016
701, 2953, 2929/8400, 170, 2018
701, 2999, 17/48, 170, 2022
701, 3001, 2977/8400, 170, 2022
701, 3011, 2987/8400, 170, 2024
701, 3067, 3043/8400, 170, 2028
701, 3079, 611/1680, 170, 2028
701, 3089, 613/1680, 170, 2030
701, 3109, 617/1680, 170, 2032
701, 3137, 3113/8400, 170, 2034
701, 3217, 3193/8400, 170, 2040
701, 3221, 3197/8400, 170, 2040
701, 3257, 3233/8400, 170, 2044
701, 3271, 3247/8400, 170, 2044
701, 3299, 131/336, 170, 2046
701, 3301, 3277/8400, 170, 2046
701, 3343, 3319/8400, 170, 2050
701, 3413, 3389/8400, 170, 2054
701, 3457, 3433/8400, 170, 2058
701, 3467, 3443/8400, 170, 2058
701, 3491, 3467/8400, 170, 2060
701, 3517, 499/1200, 170, 2062
701, 3539, 703/1680, 170, 2064
701, 3571, 3547/8400, 170, 2066
701, 3613, 3589/8400, 170, 2070
701, 3631, 3607/8400, 170, 2070
701, 3671, 521/1200, 170, 2074
701, 3709, 737/1680, 170, 2076
701, 3727, 529/1200, 170, 2078
701, 3733, 3709/8400, 170, 2078
701, 3739, 743/1680, 170, 2078
701, 3779, 751/1680, 170, 2080
701, 3793, 3769/8400, 171, 2082
701, 3797, 539/1200, 170, 2082
701, 3851, 3827/8400, 170, 2086
701, 3877, 3853/8400, 170, 2088
701, 3907, 3883/8400, 170, 2090
701, 3931, 3907/8400, 170, 2090
701, 3943, 3919/8400, 171, 2092
701, 3947, 3923/8400, 171, 2092
701, 4019, 799/1680, 171, 2096
701, 4057, 4033/8400, 171, 2098
701, 4099, 163/336, 171, 2102
701, 4127, 4103/8400, 171, 2102
701, 4133, 587/1200, 171, 2104
701, 4139, 823/1680, 171, 2104
701, 4153, 4129/8400, 171, 2104
701, 4217, 599/1200, 171, 2108
701, 4243, 4219/8400, 171, 2110
701, 4259, 121/240, 171, 2110
701, 4261, 4237/8400, 171, 2110
701, 4273, 607/1200, 171, 2112
701, 4481, 4457/8400, 171, 2124
701, 4547, 4523/8400, 171, 2128
701, 4561, 4537/8400, 171, 2128
701, 4639, 923/1680, 171, 2132
701, 4663, 4639/8400, 171, 2134
701, 4673, 4649/8400, 171, 2134
701, 4679, 133/240, 171, 2134
701, 4703, 4679/8400, 171, 2136
701, 4729, 941/1680, 171, 2138
701, 4751, 4727/8400, 171, 2138
701, 4759, 947/1680, 171, 2138
701, 4799, 191/336, 171, 2140
701, 4817, 4793/8400, 171, 2142
701, 4889, 139/240, 171, 2146
701, 4909, 977/1680, 171, 2146
701, 4919, 979/1680, 171, 2148
701, 4933, 4909/8400, 171, 2148
701, 4957, 4933/8400, 171, 2150
701, 4967, 4943/8400, 171, 2150
701, 4969, 989/1680, 171, 2150
701, 4973, 707/1200, 171, 2150
701, 4993, 4969/8400, 171, 2150
701, 4999, 199/336, 171, 2152
701, 5059, 1007/1680, 171, 2154
701, 5077, 5053/8400, 171, 2156
701, 5101, 5077/8400, 171, 2156
701, 5107, 5083/8400, 171, 2156
701, 5113, 727/1200, 171, 2156
701, 5119, 1019/1680, 171, 2158
701, 5233, 5209/8400, 171, 2162
701, 5261, 5237/8400, 171, 2164
701, 5279, 1051/1680, 171, 2166
701, 5303, 5279/8400, 171, 2166
701, 5309, 151/240, 171, 2166
701, 5323, 757/1200, 171, 2168
701, 5333, 5309/8400, 171, 2168
701, 5381, 5357/8400, 171, 2170
701, 5399, 215/336, 171, 2170
701, 5413, 5389/8400, 171, 2172
701, 5419, 1079/1680, 171, 2172
701, 5479, 1091/1680, 171, 2174
701, 5501, 5477/8400, 171, 2176
701, 5503, 5479/8400, 171, 2176
701, 5557, 5533/8400, 171, 2178
701, 5569, 1109/1680, 171, 2178
701, 5581, 5557/8400, 171, 2180
701, 5623, 5599/8400, 171, 2180

773, 3119, 3095/9264, 189, 2242
773, 3121, 3097/9264, 189, 2242
773, 3137, 3113/9264, 189, 2242
773, 3163, 3139/9264, 189, 2246
773, 3167, 3143/9264, 189, 2246
773, 3169, 3145/9264, 189, 2246
773, 3181, 3157/9264, 189, 2246
773, 3203, 3179/9264, 189, 2248
773, 3209, 3185/9264, 189, 2250
773, 3217, 3193/9264, 189, 2250
773, 3259, 3235/9264, 189, 2254
773, 3299, 3275/9264, 189, 2256
773, 3301, 3277/9264, 189, 2256
773, 3313, 3289/9264, 189, 2258
773, 3329, 3305/9264, 189, 2260
773, 3331, 3307/9264, 189, 2260
773, 3371, 3347/9264, 189, 2262
773, 3389, 3365/9264, 189, 2264
773, 3433, 3409/9264, 189, 2268
773, 3461, 3437/9264, 189, 2270
773, 3491, 3467/9264, 189, 2272
773, 3511, 3487/9264, 189, 2274
773, 3527, 3503/9264, 189, 2276
773, 3539, 3515/9264, 189, 2276
773, 3547, 3523/9264, 189, 2276
773, 3557, 3533/9264, 190, 2278
773, 3559, 3535/9264, 190, 2278
773, 3581, 3557/9264, 190, 2280
773, 3607, 3583/9264, 190, 2282
773, 3613, 3589/9264, 190, 2282
773, 3623, 3599/9264, 189, 2282
773, 3659, 3635/9264, 190, 2286
773, 3671, 3647/9264, 190, 2286
773, 3673, 3649/9264, 190, 2286
773, 3691, 19/48, 190, 2288
773, 3697, 3673/9264, 190, 2288
773, 3701, 3677/9264, 190, 2288
773, 3727, 3703/9264, 190, 2290
773, 3733, 3709/9264, 190, 2292
773, 3767, 3743/9264, 190, 2294
773, 3793, 3769/9264, 190, 2296
773, 3823, 3799/9264, 190, 2298
773, 3833, 3809/9264, 190, 2298
773, 3847, 3823/9264, 190, 2300
773, 3853, 3829/9264, 190, 2300
773, 3863, 3839/9264, 190, 2300
773, 3877, 3853/9264, 190, 2302
773, 3907, 3883/9264, 190, 2304
773, 3917, 3893/9264, 190, 2304
773, 3943, 3919/9264, 190, 2306
773, 3989, 3965/9264, 190, 2310
773, 4001, 3977/9264, 190, 2310
773, 4003, 3979/9264, 190, 2310
773, 4027, 4003/9264, 190, 2312
773, 4051, 4027/9264, 190, 2314
773, 4057, 4033/9264, 190, 2314
773, 4073, 4049/9264, 190, 2316
773, 4091, 4067/9264, 190, 2316
773, 4111, 4087/9264, 190, 2318
773, 4139, 4115/9264, 190, 2320
773, 4153, 4129/9264, 190, 2320
773, 4157, 4133/9264, 190, 2322
773, 4177, 4153/9264, 190, 2322
773, 4211, 4187/9264, 190, 2324
773, 4217, 4193/9264, 190, 2326
773, 4219, 4195/9264, 190, 2326
773, 4241, 4217/9264, 190, 2326
773, 4243, 4219/9264, 190, 2326
773, 4259, 4235/9264, 190, 2328
773, 4271, 4247/9264, 190, 2328
773, 4297, 4273/9264, 190, 2330
773, 4327, 4303/9264, 190, 2332
773, 4409, 4385/9264, 190, 2338
773, 4463, 23/48, 190, 2340
773, 4507, 4483/9264, 190, 2344
773, 4513, 4489/9264, 190, 2344
773, 4519, 4495/9264, 190, 2344
773, 4549, 4525/9264, 190, 2346
773, 4561, 4537/9264, 190, 2346
773, 4567, 4543/9264, 190, 2348
773, 4583, 4559/9264, 190, 2348
773, 4597, 4573/9264, 190, 2350
773, 4643, 4619/9264, 190, 2352
773, 4651, 4627/9264, 190, 2352
773, 4657, 4633/9264, 190, 2352
773, 4679, 4655/9264, 190, 2354
773, 4691, 4667/9264, 190, 2354
773, 4723, 4699/9264, 190, 2356
773, 4813, 4789/9264, 190, 2362
773, 4861, 4837/9264, 190, 2364
773, 4877, 4853/9264, 190, 2366
773, 4909, 4885/9264, 190, 2368
773, 4931, 4907/9264, 190, 2368
773, 4943, 4919/9264, 190, 2370
773, 4957, 4933/9264, 190, 2370
773, 4967, 4943/9264, 190, 2370
773, 4973, 4949/9264, 190, 2372
773, 5059, 5035/9264, 190, 2376
773, 5081, 5057/9264, 190, 2378
773, 5099, 5075/9264, 190, 2378
773, 5101, 5077/9264, 190, 2378
773, 5107, 5083/9264, 190, 2378
773, 5113, 5089/9264, 190, 2378
773, 5119, 5095/9264, 190, 2380
773, 5153, 5129/9264, 190, 2380
773, 5231, 5207/9264, 190, 2386
773, 5237, 5213/9264, 190, 2386
773, 5273, 5249/9264, 190, 2388
773, 5279, 5255/9264, 190, 2388
773, 5281, 5257/9264, 190, 2388
773, 5297, 5273/9264, 190, 2388
773, 5303, 5279/9264, 190, 2388
773, 5323, 5299/9264, 190, 2390
773, 5333, 5309/9264, 190, 2390
773, 5381, 5357/9264, 190, 2392
773, 5393, 5369/9264, 190, 2394
773, 5399, 5375/9264, 190, 2394
773, 5413, 5389/9264, 190, 2394
773, 5419, 5395/9264, 190, 2394
773, 5431, 5407/9264, 190, 2396
773, 5441, 5417/9264, 190, 2396
773, 5443, 5419/9264, 190, 2396
773, 5483, 5459/9264, 190, 2398
773, 5503, 5479/9264, 191, 2400
773, 5519, 5495/9264, 190, 2400
773, 5527, 5503/9264, 191, 2400
773, 5531, 5507/9264, 190, 2400
773, 5569, 5545/9264, 191, 2402
773, 5573, 5549/9264, 191, 2402
773, 5591, 5567/9264, 190, 2404
773, 5623, 5599/9264, 191, 2406
773, 5641, 5617/9264, 191, 2406
773, 5647, 5623/9264, 191, 2406
773, 5653, 5629/9264, 191, 2406
773, 5657, 5633/9264, 191, 2406
773, 5669, 5645/9264, 191, 2408
773, 5689, 5665/9264, 191, 2408
773, 5701, 5677/9264, 191, 2410
773, 5711, 5687/9264, 190, 2410
773, 5717, 5693/9264, 191, 2410
773, 5737, 5713/9264, 191, 2410
773, 5741, 5717/9264, 191, 2412
773, 5749, 5725/9264, 191, 2412
773, 5779, 5755/9264, 191, 2412
773, 5821, 5797/9264, 191, 2414
773, 5839, 5815/9264, 191, 2416
773, 5843, 5819/9264, 191, 2416
773, 5849, 5825/9264, 191, 2416
773, 5861, 5837/9264, 191, 2416
773, 5879, 5855/9264, 191, 2418
773, 5923, 5899/9264, 191, 2420
773, 5939, 5915/9264, 191, 2420
773, 6037, 6013/9264, 191, 2426
773, 6043, 6019/9264, 191, 2426
773, 6053, 6029/9264, 191, 2426
773, 6067, 6043/9264, 191, 2426
773, 6073, 6049/9264, 191, 2426
773, 6079, 6055/9264, 191, 2426
773, 6113, 6089/9264, 191, 2428
773, 6121, 6097/9264, 191, 2428
773, 6131, 6107/9264, 191, 2430
773, 6133, 6109/9264, 191, 2430
773, 6143, 6119/9264, 191, 2430
773, 6151, 6127/9264, 191, 2430
773, 6197, 6173/9264, 191, 2432
773, 6203, 2/3, 191, 2432

797, 3217, 3193/9552, 196, 2320
797, 3221, 3197/9552, 196, 2320
797, 3251, 3227/9552, 196, 2322
797, 3253, 3229/9552, 196, 2322
797, 3271, 3247/9552, 196, 2324
797, 3301, 3277/9552, 196, 2328
797, 3307, 3283/9552, 196, 2328
797, 3313, 3289/9552, 196, 2328
797, 3359, 3335/9552, 196, 2332
797, 3361, 3337/9552, 196, 2332
797, 3371, 3347/9552, 196, 2334
797, 3389, 3365/9552, 196, 2334
797, 3407, 17/48, 196, 2336
797, 3433, 3409/9552, 196, 2338
797, 3449, 3425/9552, 196, 2340
797, 3457, 3433/9552, 196, 2340
797, 3467, 3443/9552, 196, 2342
797, 3469, 3445/9552, 196, 2342
797, 3511, 3487/9552, 196, 2344
797, 3529, 3505/9552, 196, 2346
797, 3533, 3509/9552, 196, 2346
797, 3539, 3515/9552, 196, 2348
797, 3581, 3557/9552, 196, 2350
797, 3593, 3569/9552, 196, 2352
797, 3607, 3583/9552, 196, 2352
797, 3617, 3593/9552, 196, 2354
797, 3623, 3599/9552, 196, 2354
797, 3631, 3607/9552, 196, 2354
797, 3659, 3635/9552, 196, 2356
797, 3671, 3647/9552, 196, 2358
797, 3677, 3653/9552, 196, 2358
797, 3697, 3673/9552, 196, 2360
797, 3719, 3695/9552, 196, 2362
797, 3733, 3709/9552, 196, 2362
797, 3767, 3743/9552, 196, 2364
797, 3779, 3755/9552, 196, 2366
797, 3793, 3769/9552, 196, 2366
797, 3797, 3773/9552, 196, 2368
797, 3823, 3799/9552, 196, 2370
797, 3847, 3823/9552, 196, 2370
797, 3851, 3827/9552, 196, 2372
797, 3853, 3829/9552, 196, 2372
797, 3863, 3839/9552, 196, 2372
797, 3877, 3853/9552, 196, 2374
797, 3881, 3857/9552, 196, 2374
797, 3943, 3919/9552, 196, 2378
797, 3967, 3943/9552, 196, 2380
797, 4003, 3979/9552, 196, 2382
797, 4007, 3983/9552, 196, 2382
797, 4013, 3989/9552, 196, 2384
797, 4019, 3995/9552, 196, 2384
797, 4027, 4003/9552, 196, 2384
797, 4057, 4033/9552, 196, 2386
797, 4073, 4049/9552, 196, 2388
797, 4093, 4069/9552, 196, 2388
797, 4099, 4075/9552, 196, 2390
797, 4127, 4103/9552, 196, 2392
797, 4133, 4109/9552, 196, 2392
797, 4153, 4129/9552, 196, 2392
797, 4159, 4135/9552, 196, 2394
797, 4177, 4153/9552, 196, 2394
797, 4219, 4195/9552, 196, 2398
797, 4259, 4235/9552, 196, 2400
797, 4271, 4247/9552, 196, 2402
797, 4273, 4249/9552, 196, 2402
797, 4289, 4265/9552, 196, 2402
797, 4337, 4313/9552, 196, 2406
797, 4339, 4315/9552, 196, 2406
797, 4349, 4325/9552, 196, 2406
797, 4363, 4339/9552, 196, 2408
797, 4373, 4349/9552, 196, 2408
797, 4391, 4367/9552, 196, 2408
797, 4441, 4417/9552, 197, 2412
797, 4447, 4423/9552, 197, 2412
797, 4451, 4427/9552, 196, 2412
797, 4463, 4439/9552, 196, 2414
797, 4481, 4457/9552, 196, 2414
797, 4483, 4459/9552, 196, 2414
797, 4513, 4489/9552, 197, 2416
797, 4591, 4567/9552, 197, 2422
797, 4643, 4619/9552, 197, 2424
797, 4657, 4633/9552, 197, 2426
797, 4663, 4639/9552, 197, 2426
797, 4691, 4667/9552, 197, 2428
797, 4703, 4679/9552, 197, 2428
797, 4723, 4699/9552, 197, 2430
797, 4729, 4705/9552, 197, 2430
797, 4751, 4727/9552, 197, 2432
797, 4759, 4735/9552, 197, 2432
797, 4787, 4763/9552, 197, 2434
797, 4789, 4765/9552, 197, 2434
797, 4801, 4777/9552, 197, 2434
797, 4813, 4789/9552, 197, 2436
797, 4861, 4837/9552, 197, 2438
797, 4931, 4907/9552, 197, 2442
797, 4957, 4933/9552, 197, 2444
797, 4973, 4949/9552, 197, 2444
797, 4987, 4963/9552, 197, 2446
797, 4993, 4969/9552, 197, 2446
797, 5011, 4987/9552, 197, 2446
797, 5023, 4999/9552, 197, 2448
797, 5051, 5027/9552, 197, 2450
797, 5081, 5057/9552, 197, 2450
797, 5087, 5063/9552, 197, 2452
797, 5099, 5075/9552, 197, 2452
797, 5101, 5077/9552, 197, 2452
797, 5113, 5089/9552, 197, 2452
797, 5147, 5123/9552, 197, 2454
797, 5189, 5165/9552, 197, 2456
797, 5209, 5185/9552, 197, 2458
797, 5227, 5203/9552, 197, 2460
797, 5261, 5237/9552, 197, 2460
797, 5273, 5249/9552, 197, 2462
797, 5279, 5255/9552, 197, 2462
797, 5297, 5273/9552, 197, 2462
797, 5309, 5285/9552, 197, 2464
797, 5381, 5357/9552, 197, 2468
797, 5387, 5363/9552, 197, 2468
797, 5393, 5369/9552, 197, 2468
797, 5399, 5375/9552, 197, 2468
797, 5417, 5393/9552, 197, 2470
797, 5431, 5407/9552, 197, 2470
797, 5437, 5413/9552, 197, 2470
797, 5441, 5417/9552, 197, 2470
797, 5443, 5419/9552, 197, 2470
797, 5471, 5447/9552, 197, 2472
797, 5503, 5479/9552, 197, 2474
797, 5507, 5483/9552, 197, 2474
797, 5531, 5507/9552, 197, 2476
797, 5557, 5533/9552, 197, 2476
797, 5581, 5557/9552, 197, 2478
797, 5591, 5567/9552, 197, 2478
797, 5651, 5627/9552, 197, 2482
797, 5659, 5635/9552, 197, 2482
797, 5683, 5659/9552, 197, 2484
797, 5693, 5669/9552, 197, 2484
797, 5701, 5677/9552, 197, 2484
797, 5711, 5687/9552, 197, 2484
797, 5717, 5693/9552, 197, 2484
797, 5741, 5717/9552, 197, 2486
797, 5779, 5755/9552, 197, 2488
797, 5783, 5759/9552, 197, 2488
797, 5791, 5767/9552, 197, 2488
797, 5801, 5777/9552, 197, 2488
797, 5813, 5789/9552, 197, 2490
797, 5821, 5797/9552, 197, 2490
797, 5839, 5815/9552, 197, 2490
797, 5849, 5825/9552, 197, 2492
797, 5861, 5837/9552, 197, 2492
797, 5867, 5843/9552, 197, 2492
797, 5869, 5845/9552, 197, 2492
797, 5879, 5855/9552, 197, 2492
797, 5881, 5857/9552, 197, 2492
797, 5897, 5873/9552, 197, 2494
797, 5923, 5899/9552, 197, 2494
797, 5953, 5929/9552, 197, 2496
797, 6011, 5987/9552, 197, 2500
797, 6029, 6005/9552, 197, 2500
797, 6043, 6019/9552, 197, 2500
797, 6053, 6029/9552, 197, 2502
797, 6067, 6043/9552, 197, 2502
797, 6079, 6055/9552, 197, 2502
797, 6089, 6065/9552, 197, 2502
797, 6091, 6067/9552, 197, 2502
797, 6131, 6107/9552, 197, 2504
797, 6133, 6109/9552, 197, 2504
797, 6163, 6139/9552, 197, 2506
797, 6203, 6179/9552, 197, 2508
797, 6229, 6205/9552, 197, 2510
797, 6247, 6223/9552, 197, 2510
797, 6257, 6233/9552, 197, 2510
797, 6263, 6239/9552, 197, 2510
797, 6271, 6247/9552, 197, 2512
797, 6299, 6275/9552, 197, 2512
797, 6301, 6277/9552, 197, 2512
797, 6311, 6287/9552, 197, 2514
797, 6317, 6293/9552, 197, 2514
797, 6323, 6299/9552, 197, 2514
797, 6329, 6305/9552, 197, 2514
797, 6337, 6313/9552, 197, 2514
797, 6343, 6319/9552, 197, 2514
797, 6353, 6329/9552, 197, 2516
797, 6373, 6349/9552, 197, 2516
797, 6379, 6355/9552, 197, 2516

821, 3331, 3307/9840, 202, 2400
821, 3343, 3319/9840, 202, 2400
821, 3371, 3347/9840, 202, 2404
821, 3389, 673/1968, 202, 2404
821, 3391, 3367/9840, 202, 2406
821, 3413, 3389/9840, 202, 2408
821, 3457, 3433/9840, 202, 2410
821, 3463, 3439/9840, 202, 2412
821, 3511, 3487/9840, 202, 2416
821, 3517, 3493/9840, 202, 2416
821, 3559, 707/1968, 202, 2420
821, 3593, 3569/9840, 202, 2422
821, 3607, 3583/9840, 202, 2424
821, 3613, 3589/9840, 202, 2424
821, 3623, 3599/9840, 202, 2424
821, 3643, 3619/9840, 202, 2426
821, 3659, 727/1968, 202, 2428
821, 3673, 89/240, 202, 2428
821, 3677, 3653/9840, 202, 2430
821, 3691, 3667/9840, 202, 2430
821, 3697, 3673/9840, 202, 2430
821, 3709, 737/1968, 202, 2432
821, 3739, 743/1968, 202, 2434
821, 3761, 3737/9840, 202, 2436
821, 3767, 3743/9840, 202, 2436
821, 3769, 749/1968, 203, 2436
821, 3779, 751/1968, 202, 2438
821, 3797, 3773/9840, 203, 2438
821, 3823, 3799/9840, 203, 2440
821, 3833, 3809/9840, 202, 2442
821, 3877, 3853/9840, 203, 2444
821, 3881, 3857/9840, 203, 2446
821, 3917, 3893/9840, 203, 2448
821, 3919, 19/48, 203, 2448
821, 3929, 781/1968, 203, 2448
821, 3947, 3923/9840, 203, 2450
821, 4003, 3979/9840, 203, 2454
821, 4007, 3983/9840, 203, 2454
821, 4019, 799/1968, 203, 2456
821, 4021, 3997/9840, 203, 2456
821, 4027, 4003/9840, 203, 2456
821, 4049, 805/1968, 203, 2458
821, 4091, 4067/9840, 203, 2460
821, 4093, 4069/9840, 203, 2460
821, 4157, 4133/9840, 203, 2466
821, 4229, 841/1968, 203, 2470
821, 4231, 4207/9840, 203, 2470
821, 4283, 4259/9840, 203, 2474
821, 4289, 853/1968, 203, 2474
821, 4297, 4273/9840, 203, 2476
821, 4349, 865/1968, 203, 2478
821, 4391, 4367/9840, 203, 2482
821, 4423, 4399/9840, 203, 2484
821, 4441, 4417/9840, 203, 2484
821, 4447, 4423/9840, 203, 2486
821, 4493, 109/240, 203, 2488
821, 4513, 4489/9840, 203, 2490
821, 4519, 899/1968, 203, 2490
821, 4547, 4523/9840, 203, 2492
821, 4549, 905/1968, 203, 2492
821, 4567, 4543/9840, 203, 2494
821, 4597, 4573/9840, 203, 2496
821, 4603, 4579/9840, 203, 2496
821, 4621, 4597/9840, 203, 2496
821, 4643, 4619/9840, 203, 2498
821, 4651, 4627/9840, 203, 2498
821, 4673, 4649/9840, 203, 2500
821, 4691, 4667/9840, 203, 2502
821, 4759, 947/1968, 203, 2506
821, 4787, 4763/9840, 203, 2508
821, 4799, 955/1968, 203, 2508
821, 4861, 4837/9840, 203, 2512
821, 4871, 4847/9840, 203, 2512
821, 4909, 977/1968, 203, 2514
821, 4937, 4913/9840, 203, 2516
821, 4943, 4919/9840, 203, 2516
821, 4957, 4933/9840, 203, 2518
821, 4973, 4949/9840, 203, 2518
821, 4987, 4963/9840, 203, 2520
821, 5009, 997/1968, 203, 2520
821, 5011, 4987/9840, 203, 2520
821, 5023, 4999/9840, 203, 2522
821, 5077, 5053/9840, 203, 2524
821, 5081, 5057/9840, 203, 2524
821, 5099, 1015/1968, 203, 2526
821, 5107, 5083/9840, 203, 2526
821, 5153, 5129/9840, 203, 2528
821, 5179, 1031/1968, 203, 2530
821, 5209, 1037/1968, 203, 2532
821, 5231, 127/240, 203, 2534
821, 5237, 5213/9840, 203, 2534
821, 5297, 5273/9840, 203, 2538
821, 5303, 5279/9840, 203, 2538
821, 5333, 5309/9840, 203, 2540
821, 5351, 5327/9840, 203, 2540
821, 5381, 5357/9840, 203, 2542
821, 5387, 5363/9840, 203, 2542
821, 5417, 5393/9840, 203, 2544
821, 5419, 1079/1968, 203, 2544
821, 5471, 5447/9840, 203, 2546
821, 5483, 5459/9840, 203, 2548
821, 5503, 5479/9840, 203, 2548
821, 5507, 5483/9840, 203, 2548
821, 5519, 1099/1968, 203, 2550
821, 5521, 5497/9840, 203, 2550
821, 5527, 5503/9840, 203, 2550
821, 5557, 5533/9840, 203, 2552
821, 5563, 5539/9840, 203, 2552
821, 5569, 1109/1968, 203, 2552
821, 5623, 5599/9840, 203, 2554
821, 5669, 1129/1968, 204, 2558
821, 5689, 1133/1968, 204, 2558
821, 5737, 5713/9840, 204, 2560
821, 5749, 1145/1968, 204, 2562
821, 5791, 5767/9840, 204, 2564
821, 5813, 5789/9840, 204, 2564
821, 5821, 5797/9840, 204, 2564
821, 5849, 1165/1968, 204, 2566
821, 5923, 5899/9840, 204, 2570
821, 5939, 1183/1968, 204, 2570
821, 5953, 5929/9840, 204, 2572
821, 5987, 5963/9840, 204, 2574
821, 6011, 5987/9840, 204, 2574
821, 6029, 1201/1968, 204, 2576
821, 6043, 6019/9840, 204, 2576
821, 6047, 6023/9840, 204, 2576
821, 6073, 6049/9840, 204, 2578
821, 6079, 1211/1968, 204, 2578
821, 6089, 1213/1968, 204, 2578
821, 6091, 6067/9840, 204, 2578
821, 6113, 6089/9840, 204, 2580
821, 6143, 6119/9840, 204, 2580
821, 6197, 6173/9840, 204, 2584
821, 6229, 1241/1968, 204, 2584
821, 6257, 6233/9840, 204, 2586
821, 6263, 6239/9840, 204, 2586
821, 6287, 6263/9840, 204, 2588
821, 6329, 1261/1968, 204, 2590
821, 6359, 1267/1968, 204, 2592
821, 6379, 31/48, 204, 2592
821, 6389, 1273/1968, 204, 2592
821, 6421, 6397/9840, 204, 2594
821, 6451, 6427/9840, 204, 2596
821, 6481, 6457/9840, 204, 2596
821, 6521, 6497/9840, 204, 2598
821, 6547, 6523/9840, 204, 2600
821, 6551, 6527/9840, 204, 2600
821, 6553, 6529/9840, 204, 2600
821, 6571, 6547/9840, 204, 2600
821, 6581, 6557/9840, 204, 2602

859, 3491, 3467/10296, 212, 2526
859, 3533, 319/936, 212, 2530
859, 3541, 3517/10296, 212, 2530
859, 3571, 3547/10296, 212, 2532
859, 3583, 3559/10296, 212, 2534
859, 3593, 3569/10296, 212, 2534
859, 3613, 3589/10296, 212, 2536
859, 3623, 3599/10296, 212, 2538
859, 3643, 329/936, 212, 2538
859, 3673, 3649/10296, 212, 2542
859, 3719, 3695/10296, 212, 2546
859, 3793, 3769/10296, 213, 2552
859, 3847, 3823/10296, 213, 2556
859, 3917, 3893/10296, 213, 2562
859, 3943, 3919/10296, 213, 2564
859, 4001, 3977/10296, 213, 2568
859, 4013, 3989/10296, 213, 2568
859, 4049, 4025/10296, 213, 2572
859, 4051, 4027/10296, 213, 2572
859, 4093, 313/792, 213, 2574
859, 4099, 4075/10296, 213, 2576
859, 4111, 4087/10296, 213, 2576
859, 4129, 4105/10296, 213, 2578
859, 4241, 4217/10296, 213, 2586
859, 4243, 4219/10296, 213, 2586
859, 4271, 4247/10296, 213, 2588
859, 4273, 4249/10296, 213, 2588
859, 4297, 4273/10296, 213, 2590
859, 4327, 331/792, 213, 2592
859, 4339, 4315/10296, 213, 2592
859, 4357, 4333/10296, 213, 2594
859, 4409, 4385/10296, 213, 2598
859, 4423, 4399/10296, 213, 2598
859, 4451, 4427/10296, 213, 2600
859, 4517, 4493/10296, 213, 2606
859, 4549, 4525/10296, 213, 2608
859, 4597, 4573/10296, 213, 2610
859, 4621, 4597/10296, 213, 2612
859, 4639, 355/792, 213, 2614
859, 4657, 4633/10296, 213, 2614
859, 4663, 4639/10296, 213, 2616
859, 4723, 4699/10296, 213, 2620
859, 4733, 4709/10296, 213, 2620
859, 4751, 4727/10296, 213, 2620
859, 4787, 433/936, 213, 2624
859, 4799, 4775/10296, 213, 2624
859, 4801, 4777/10296, 213, 2624
859, 4889, 4865/10296, 213, 2630
859, 4909, 4885/10296, 213, 2632
859, 4933, 4909/10296, 213, 2632
859, 4937, 4913/10296, 213, 2632
859, 4943, 4919/10296, 213, 2634
859, 5003, 383/792, 213, 2636
859, 5101, 5077/10296, 213, 2642
859, 5107, 391/792, 213, 2644
859, 5113, 5089/10296, 213, 2644
859, 5147, 5123/10296, 213, 2646
859, 5209, 5185/10296, 213, 2650
859, 5227, 473/936, 213, 2650
859, 5231, 5207/10296, 213, 2650
859, 5237, 401/792, 213, 2652
859, 5261, 5237/10296, 213, 2652
859, 5351, 5327/10296, 213, 2658
859, 5387, 5363/10296, 213, 2660
859, 5393, 413/792, 213, 2660
859, 5417, 5393/10296, 213, 2662
859, 5437, 5413/10296, 213, 2662
859, 5477, 5453/10296, 213, 2664
859, 5503, 5479/10296, 213, 2666
859, 5527, 5503/10296, 213, 2668
859, 5531, 5507/10296, 213, 2668
859, 5573, 5549/10296, 214, 2670
859, 5623, 509/936, 214, 2674
859, 5689, 515/936, 214, 2676
859, 5693, 5669/10296, 214, 2676
859, 5717, 5693/10296, 214, 2678
859, 5827, 5803/10296, 214, 2684
859, 5861, 449/792, 214, 2686
859, 5867, 5843/10296, 214, 2686
859, 5879, 5855/10296, 214, 2686
859, 5881, 5857/10296, 214, 2686
859, 6053, 6029/10296, 214, 2696
859, 6089, 6065/10296, 214, 2698
859, 6121, 469/792, 214, 2700
859, 6131, 6107/10296, 214, 2700
859, 6151, 557/936, 214, 2700
859, 6173, 43/72, 214, 2702
859, 6247, 6223/10296, 214, 2706
859, 6263, 6239/10296, 214, 2706
859, 6277, 481/792, 214, 2708
859, 6311, 6287/10296, 214, 2708
859, 6323, 6299/10296, 214, 2710
859, 6359, 6335/10296, 214, 2712
859, 6389, 6365/10296, 214, 2712
859, 6449, 6425/10296, 214, 2716
859, 6451, 6427/10296, 214, 2716
859, 6469, 6445/10296, 214, 2716
859, 6473, 6449/10296, 214, 2716
859, 6547, 593/936, 214, 2720
859, 6551, 6527/10296, 214, 2720
859, 6553, 6529/10296, 214, 2720
859, 6577, 6553/10296, 214, 2722
859, 6607, 6583/10296, 214, 2722
859, 6619, 6595/10296, 214, 2724
859, 6661, 6637/10296, 214, 2726
859, 6761, 6737/10296, 214, 2730
859, 6781, 6757/10296, 214, 2732
859, 6791, 6767/10296, 214, 2732
859, 6823, 523/792, 214, 2732
859, 6841, 6817/10296, 214, 2734
859, 6863, 6839/10296, 214, 2734

907, 3659, 3635/10872, 225, 2682
907, 3671, 3647/10872, 225, 2684
907, 3673, 3649/10872, 225, 2684
907, 3691, 3667/10872, 225, 2684
907, 3697, 3673/10872, 225, 2686
907, 3701, 3677/10872, 225, 2686
907, 3719, 3695/10872, 225, 2688
907, 3727, 3703/10872, 225, 2688
907, 3733, 3709/10872, 225, 2688
907, 3761, 3737/10872, 225, 2692
907, 3779, 3755/10872, 225, 2692
907, 3851, 3827/10872, 225, 2698
907, 3907, 3883/10872, 225, 2704
907, 4001, 3977/10872, 225, 2712
907, 4007, 3983/10872, 225, 2712
907, 4019, 3995/10872, 225, 2712
907, 4051, 4027/10872, 225, 2716
907, 4073, 4049/10872, 225, 2718
907, 4079, 4055/10872, 225, 2718
907, 4091, 4067/10872, 226, 2718
907, 4093, 4069/10872, 226, 2718
907, 4177, 4153/10872, 226, 2726
907, 4201, 4177/10872, 226, 2728
907, 4217, 4193/10872, 226, 2728
907, 4229, 4205/10872, 226, 2730
907, 4231, 4207/10872, 226, 2730
907, 4273, 4249/10872, 226, 2732
907, 4397, 4373/10872, 226, 2742
907, 4409, 4385/10872, 226, 2744
907, 4421, 4397/10872, 226, 2744
907, 4441, 4417/10872, 226, 2746
907, 4451, 4427/10872, 226, 2746
907, 4457, 4433/10872, 226, 2746
907, 4481, 4457/10872, 226, 2748
907, 4483, 4459/10872, 226, 2748
907, 4513, 4489/10872, 226, 2750
907, 4519, 4495/10872, 226, 2752
907, 4567, 4543/10872, 226, 2754
907, 4583, 4559/10872, 226, 2756
907, 4603, 4579/10872, 226, 2758
907, 4637, 4613/10872, 226, 2760
907, 4639, 4615/10872, 226, 2760
907, 4643, 4619/10872, 226, 2760
907, 4663, 4639/10872, 226, 2762
907, 4691, 4667/10872, 226, 2764
907, 4721, 4697/10872, 226, 2766
907, 4723, 4699/10872, 226, 2766
907, 4793, 4769/10872, 226, 2770
907, 4799, 4775/10872, 226, 2770
907, 4813, 4789/10872, 226, 2772
907, 4817, 4793/10872, 226, 2772
907, 4861, 4837/10872, 226, 2774
907, 4931, 4907/10872, 226, 2780
907, 4937, 4913/10872, 226, 2780
907, 4951, 4927/10872, 226, 2780
907, 4967, 4943/10872, 226, 2782
907, 4969, 4945/10872, 226, 2782
907, 4973, 4949/10872, 226, 2782
907, 4993, 4969/10872, 226, 2784
907, 4999, 4975/10872, 226, 2784
907, 5077, 5053/10872, 226, 2790
907, 5101, 5077/10872, 226, 2790
907, 5107, 5083/10872, 226, 2792
907, 5113, 5089/10872, 226, 2792
907, 5153, 5129/10872, 226, 2794
907, 5179, 5155/10872, 226, 2796
907, 5209, 5185/10872, 226, 2798
907, 5227, 5203/10872, 226, 2798
907, 5231, 5207/10872, 226, 2798
907, 5273, 5249/10872, 226, 2802
907, 5323, 5299/10872, 226, 2804
907, 5333, 5309/10872, 226, 2806
907, 5387, 5363/10872, 226, 2808
907, 5393, 5369/10872, 226, 2808
907, 5407, 5383/10872, 226, 2810
907, 5417, 5393/10872, 226, 2810
907, 5449, 5425/10872, 226, 2812
907, 5471, 5447/10872, 226, 2814
907, 5479, 5455/10872, 226, 2814
907, 5501, 5477/10872, 226, 2816
907, 5507, 5483/10872, 226, 2816
907, 5521, 5497/10872, 226, 2816
907, 5557, 5533/10872, 226, 2818
907, 5569, 5545/10872, 226, 2820
907, 5573, 5549/10872, 226, 2820
907, 5623, 5599/10872, 226, 2822
907, 5639, 5615/10872, 226, 2824
907, 5641, 5617/10872, 227, 2824
907, 5683, 5659/10872, 226, 2826
907, 5693, 5669/10872, 227, 2826
907, 5717, 5693/10872, 227, 2828
907, 5749, 5725/10872, 227, 2830
907, 5791, 5767/10872, 227, 2832
907, 5813, 5789/10872, 227, 2834
907, 5821, 5797/10872, 227, 2834
907, 5843, 5819/10872, 227, 2836
907, 5903, 5879/10872, 227, 2838
907, 5923, 5899/10872, 227, 2840
907, 5939, 5915/10872, 227, 2840
907, 5981, 5957/10872, 227, 2842
907, 6043, 6019/10872, 227, 2846
907, 6047, 6023/10872, 227, 2846
907, 6053, 6029/10872, 227, 2846
907, 6101, 6077/10872, 227, 2850
907, 6211, 6187/10872, 227, 2856
907, 6257, 6233/10872, 227, 2858
907, 6271, 6247/10872, 227, 2858
907, 6343, 6319/10872, 227, 2862
907, 6379, 6355/10872, 227, 2864
907, 6397, 6373/10872, 227, 2864
907, 6421, 6397/10872, 227, 2866
907, 6451, 6427/10872, 227, 2868
907, 6473, 6449/10872, 227, 2868
907, 6521, 6497/10872, 227, 2870
907, 6563, 6539/10872, 227, 2874
907, 6571, 6547/10872, 227, 2874
907, 6607, 6583/10872, 227, 2876
907, 6637, 6613/10872, 227, 2876
907, 6659, 6635/10872, 227, 2878
907, 6719, 6695/10872, 227, 2880
907, 6761, 6737/10872, 227, 2882
907, 6779, 6755/10872, 227, 2884
907, 6781, 6757/10872, 227, 2884
907, 6803, 6779/10872, 227, 2884
907, 6829, 6805/10872, 227, 2886
907, 6841, 6817/10872, 227, 2886
907, 6863, 6839/10872, 227, 2888
907, 6917, 6893/10872, 227, 2890
907, 6967, 6943/10872, 227, 2892
907, 6983, 6959/10872, 227, 2894
907, 6997, 6973/10872, 227, 2894
907, 7019, 6995/10872, 227, 2896
907, 7039, 7015/10872, 227, 2896
907, 7069, 7045/10872, 227, 2898
907, 7079, 7055/10872, 227, 2898
907, 7121, 47/72, 227, 2900
907, 7207, 7183/10872, 227, 2904
907, 7243, 7219/10872, 227, 2906
907, 7247, 7223/10872, 227, 2906

941, 3823, 3799/11280, 234, 2798
941, 3851, 3827/11280, 234, 2800
941, 3853, 3829/11280, 234, 2800
941, 3863, 3839/11280, 234, 2802
941, 3877, 3853/11280, 234, 2802
941, 3881, 3857/11280, 234, 2802
941, 3919, 779/2256, 234, 2806
941, 3923, 3899/11280, 234, 2806
941, 3967, 3943/11280, 234, 2810
941, 4001, 3977/11280, 234, 2814
941, 4003, 3979/11280, 234, 2814
941, 4013, 3989/11280, 234, 2814
941, 4021, 3997/11280, 234, 2814
941, 4027, 4003/11280, 234, 2816
941, 4051, 4027/11280, 234, 2818
941, 4073, 4049/11280, 234, 2820
941, 4079, 811/2256, 234, 2820
941, 4093, 4069/11280, 234, 2820
941, 4099, 815/2256, 234, 2822
941, 4111, 4087/11280, 235, 2822
941, 4127, 4103/11280, 234, 2824
941, 4139, 823/2256, 235, 2824
941, 4253, 4229/11280, 235, 2834
941, 4259, 847/2256, 235, 2834
941, 4271, 4247/11280, 235, 2836
941, 4273, 4249/11280, 235, 2836
941, 4327, 4303/11280, 235, 2840
941, 4337, 4313/11280, 235, 2840
941, 4339, 863/2256, 235, 2840
941, 4349, 865/2256, 235, 2842
941, 4357, 4333/11280, 235, 2842
941, 4391, 4367/11280, 235, 2844
941, 4409, 877/2256, 235, 2846
941, 4441, 4417/11280, 235, 2848
941, 4463, 4439/11280, 235, 2850
941, 4513, 4489/11280, 235, 2854
941, 4519, 899/2256, 235, 2854
941, 4547, 4523/11280, 235, 2856
941, 4567, 4543/11280, 235, 2858
941, 4597, 4573/11280, 235, 2860
941, 4603, 4579/11280, 235, 2860
941, 4637, 4613/11280, 235, 2864
941, 4657, 4633/11280, 235, 2864
941, 4703, 4679/11280, 235, 2868
941, 4723, 4699/11280, 235, 2870
941, 4733, 4709/11280, 235, 2870
941, 4783, 4759/11280, 235, 2874
941, 4787, 4763/11280, 235, 2874
941, 4799, 955/2256, 235, 2874
941, 4813, 4789/11280, 235, 2876
941, 4871, 4847/11280, 235, 2880
941, 4919, 979/2256, 235, 2884
941, 4937, 4913/11280, 235, 2884
941, 4943, 4919/11280, 235, 2884
941, 4957, 4933/11280, 235, 2886
941, 4969, 989/2256, 235, 2886
941, 4973, 4949/11280, 235, 2886
941, 4993, 4969/11280, 235, 2888
941, 5003, 4979/11280, 235, 2888
941, 5059, 1007/2256, 235, 2892
941, 5081, 5057/11280, 235, 2894
941, 5087, 5063/11280, 235, 2894
941, 5101, 5077/11280, 235, 2896
941, 5153, 5129/11280, 235, 2898
941, 5197, 5173/11280, 235, 2902
941, 5273, 5249/11280, 235, 2906
941, 5303, 5279/11280, 235, 2908
941, 5309, 1057/2256, 235, 2908
941, 5351, 5327/11280, 235, 2912
941, 5387, 5363/11280, 235, 2914
941, 5407, 5383/11280, 235, 2916
941, 5443, 5419/11280, 235, 2918
941, 5449, 1085/2256, 235, 2918
941, 5531, 5507/11280, 235, 2922
941, 5557, 5533/11280, 235, 2924
941, 5639, 1123/2256, 235, 2930
941, 5653, 5629/11280, 236, 2930
941, 5657, 5633/11280, 235, 2930
941, 5659, 1127/2256, 235, 2930
941, 5741, 5717/11280, 236, 2936
941, 5801, 5777/11280, 236, 2938
941, 5843, 5819/11280, 236, 2942
941, 5849, 1165/2256, 236, 2942
941, 5857, 5833/11280, 236, 2942
941, 5903, 5879/11280, 236, 2944
941, 5923, 5899/11280, 236, 2946
941, 5953, 5929/11280, 236, 2948
941, 5981, 5957/11280, 236, 2950
941, 6047, 6023/11280, 236, 2954
941, 6053, 6029/11280, 236, 2954
941, 6091, 6067/11280, 236, 2956
941, 6131, 6107/11280, 236, 2958
941, 6151, 6127/11280, 236, 2958
941, 6163, 6139/11280, 236, 2960
941, 6197, 6173/11280, 236, 2962
941, 6199, 1235/2256, 236, 2962
941, 6211, 6187/11280, 236, 2962
941, 6217, 6193/11280, 236, 2962
941, 6221, 6197/11280, 236, 2962
941, 6229, 1241/2256, 236, 2964
941, 6247, 6223/11280, 236, 2964
941, 6257, 6233/11280, 236, 2964
941, 6287, 6263/11280, 236, 2966
941, 6299, 1255/2256, 236, 2966
941, 6301, 6277/11280, 236, 2968
941, 6323, 6299/11280, 236, 2968
941, 6337, 6313/11280, 236, 2968
941, 6343, 6319/11280, 236, 2970
941, 6367, 6343/11280, 236, 2970
941, 6373, 6349/11280, 236, 2970
941, 6379, 1271/2256, 236, 2972
941, 6421, 6397/11280, 236, 2974
941, 6427, 6403/11280, 236, 2974
941, 6449, 1285/2256, 236, 2974
941, 6481, 6457/11280, 236, 2976
941, 6529, 1301/2256, 236, 2980
941, 6569, 1309/2256, 236, 2982
941, 6577, 6553/11280, 236, 2982
941, 6659, 1327/2256, 236, 2986
941, 6661, 6637/11280, 236, 2986
941, 6673, 6649/11280, 236, 2986
941, 6679, 1331/2256, 236, 2986
941, 6689, 1333/2256, 236, 2988
941, 6733, 6709/11280, 236, 2990
941, 6763, 6739/11280, 236, 2992
941, 6779, 1351/2256, 236, 2992
941, 6793, 6769/11280, 236, 2992
941, 6823, 6799/11280, 236, 2994
941, 6827, 6803/11280, 236, 2994
941, 6829, 1361/2256, 236, 2994
941, 6883, 6859/11280, 236, 2996
941, 6899, 1375/2256, 236, 2998
941, 6917, 6893/11280, 236, 2998
941, 6947, 6923/11280, 236, 3000
941, 6949, 1385/2256, 236, 3000
941, 6961, 6937/11280, 236, 3000
941, 6977, 6953/11280, 236, 3002
941, 6983, 6959/11280, 236, 3002
941, 6991, 6967/11280, 236, 3002
941, 7019, 1399/2256, 236, 3004
941, 7039, 1403/2256, 236, 3004
941, 7043, 7019/11280, 236, 3004
941, 7057, 7033/11280, 236, 3006
941, 7079, 1411/2256, 236, 3006
941, 7103, 7079/11280, 236, 3008
941, 7121, 151/240, 236, 3008
941, 7127, 7103/11280, 236, 3008
941, 7151, 7127/11280, 236, 3010
941, 7193, 7169/11280, 236, 3012
941, 7207, 7183/11280, 236, 3012
941, 7213, 7189/11280, 236, 3012
941, 7219, 1439/2256, 236, 3014
941, 7253, 7229/11280, 236, 3014
941, 7297, 7273/11280, 236, 3016
941, 7309, 31/48, 236, 3018
941, 7331, 7307/11280, 236, 3018
941, 7369, 1469/2256, 236, 3020
941, 7393, 7369/11280, 236, 3022
941, 7411, 7387/11280, 236, 3022
941, 7417, 7393/11280, 236, 3022
941, 7433, 7409/11280, 236, 3024
941, 7517, 7493/11280, 236, 3026
941, 7541, 7517/11280, 236, 3028
941, 7547, 2/3, 236, 3028

