509, 1549, 3/8, 145, 1346
509, 2039, 1/2, 150, 1398
509, 2447, 3/5, 150, 1430
509, 2503, 3/8, 136, 1434
509, 2711, 2/3, 150, 1450
509, 3203, 1/2, 141, 1480
509, 3709, 3/5, 143, 1506
509, 4057, 2/3, 141, 1524
509, 5783, 1, 134, 1588

521, 1601, 3/8, 149, 1384
521, 2081, 1/2, 155, 1434
521, 2539, 3/5, 156, 1472
521, 2557, 3/8, 140, 1472
521, 2777, 2/3, 154, 1488
521, 3299, 1/2, 146, 1520
521, 3793, 3/5, 147, 1546
521, 4153, 2/3, 145, 1564
521, 5903, 1, 138, 1630

557, 1669, 3/8, 163, 1488
557, 2239, 1/2, 170, 1548
557, 2677, 3/5, 170, 1584
557, 2741, 3/8, 153, 1588
557, 2971, 2/3, 168, 1604
557, 3529, 1/2, 159, 1640
557, 4051, 3/5, 161, 1666
557, 4451, 2/3, 160, 1686
557, 6329, 1, 152, 1756

569, 1753, 3/8, 167, 1532
569, 2273, 1/2, 175, 1584
569, 2729, 3/5, 175, 1622
569, 2797, 3/8, 158, 1626
569, 3037, 2/3, 173, 1644
569, 3547, 1/2, 165, 1676
569, 4139, 3/5, 165, 1708
569, 4549, 2/3, 164, 1726
569, 6427, 1, 156, 1798

571, 1723, 3/8, 169, 1532
571, 2287, 1/2, 176, 1592
571, 2777, 3/5, 175, 1632
571, 2801, 3/8, 159, 1632
571, 3067, 2/3, 174, 1652
571, 3623, 1/2, 165, 1686
571, 4231, 3/5, 166, 1718
571, 4547, 2/3, 165, 1732
571, 6449, 1, 157, 1804

593, 1789, 3/8, 177, 1600
593, 2377, 1/2, 185, 1660
593, 2851, 3/5, 185, 1700
593, 2917, 3/8, 166, 1704
593, 3163, 2/3, 183, 1722
593, 3709, 1/2, 173, 1756
593, 4327, 3/5, 175, 1788
593, 4733, 2/3, 173, 1808
593, 6701, 1, 166, 1882

607, 1861, 3/8, 182, 1646
607, 2459, 1/2, 189, 1708
607, 2909, 3/5, 191, 1744
607, 3019, 3/8, 171, 1752
607, 3253, 2/3, 189, 1768
607, 3803, 1/2, 179, 1802
607, 4441, 3/5, 180, 1836
607, 4831, 2/3, 180, 1856
607, 6857, 1, 172, 1932

617, 1877, 3/8, 186, 1676
617, 2473, 1/2, 194, 1736
617, 2963, 3/5, 194, 1778
617, 3037, 3/8, 175, 1782
617, 3299, 2/3, 193, 1800
617, 3851, 1/2, 184, 1836
617, 4583, 3/5, 184, 1874
617, 4909, 2/3, 184, 1890
617, 6971, 1, 175, 1968

631, 1907, 3/8, 191, 1718
631, 2531, 1/2, 199, 1782
631, 3083, 3/5, 201, 1826
631, 3109, 3/8, 181, 1828
631, 3407, 2/3, 198, 1850
631, 3967, 1/2, 188, 1884
631, 4591, 3/5, 190, 1916
631, 5039, 2/3, 189, 1938
631, 7187, 1, 180, 2018

641, 1999, 3/8, 195, 1756
641, 2579, 1/2, 204, 1814
641, 3109, 3/5, 204, 1858
641, 3167, 3/8, 184, 1862
641, 3469, 2/3, 203, 1882
641, 4007, 1/2, 193, 1916
641, 4679, 3/5, 194, 1952
641, 5101, 2/3, 193, 1972
641, 7243, 1, 184, 2052

653, 1973, 3/8, 200, 1786
653, 2609, 1/2, 208, 1850
653, 3137, 3/5, 209, 1894
653, 3209, 3/8, 189, 1900
653, 3491, 2/3, 208, 1920
653, 4073, 1/2, 197, 1956
653, 4751, 3/5, 199, 1992
653, 5197, 2/3, 198, 2012
653, 7393, 1, 189, 2096

677, 2029, 3/8, 209, 1858
677, 2711, 1/2, 219, 1928
677, 3257, 3/5, 219, 1974
677, 3343, 3/8, 197, 1980
677, 3623, 2/3, 217, 2000
677, 4241, 1/2, 206, 2038
677, 4931, 3/5, 208, 2074
677, 5387, 2/3, 207, 2096
677, 7649, 1, 199, 2182

691, 2129, 3/8, 214, 1908
691, 2767, 1/2, 224, 1974
691, 3319, 3/5, 225, 2018
691, 3433, 3/8, 202, 2028
691, 3697, 2/3, 224, 2046
691, 4357, 1/2, 212, 2086
691, 5039, 3/5, 215, 2122
691, 5519, 2/3, 213, 2146
691, 7841, 1, 204, 2232

701, 2111, 3/8, 218, 1934
701, 2801, 1/2, 228, 2006
701, 3413, 3/5, 229, 2054
701, 3457, 3/8, 207, 2058
701, 3739, 2/3, 229, 2078
701, 4481, 1/2, 216, 2124
701, 5101, 3/5, 219, 2156
701, 5581, 2/3, 217, 2180
701, 7933, 1, 208, 2268

739, 2239, 3/8, 233, 2054
739, 2963, 1/2, 245, 2128
739, 3571, 3/5, 245, 2178
739, 3637, 3/8, 221, 2184
739, 3943, 2/3, 244, 2204
739, 4663, 1/2, 231, 2250
739, 5387, 3/5, 234, 2288
739, 5881, 2/3, 233, 2312
739, 8369, 1, 223, 2406

751, 2251, 3/8, 238, 2090
751, 3019, 1/2, 249, 2168
751, 3613, 3/5, 251, 2218
751, 3739, 3/8, 225, 2226
751, 4027, 2/3, 249, 2246
751, 4733, 1/2, 236, 2290
751, 5479, 3/5, 240, 2330
751, 5987, 2/3, 238, 2354
751, 8501, 1, 228, 2448

773, 2339, 3/8, 246, 2160
773, 3089, 1/2, 259, 2238
773, 3727, 3/5, 260, 2290
773, 3823, 3/8, 234, 2298
773, 4139, 2/3, 258, 2320
773, 4861, 1/2, 245, 2364
773, 5623, 3/5, 248, 2406
773, 6151, 2/3, 247, 2430
773, 8761, 1, 237, 2528

797, 2389, 3/8, 256, 2234
797, 3191, 1/2, 269, 2318
797, 3823, 3/5, 270, 2370
797, 3943, 3/8, 243, 2378
797, 4259, 2/3, 269, 2400
797, 4973, 1/2, 256, 2444
797, 5801, 3/5, 258, 2488
797, 6343, 2/3, 257, 2514
797, 9029, 1, 247, 2616

809, 2521, 3/8, 260, 2284
809, 3251, 1/2, 273, 2358
809, 3881, 3/5, 276, 2410
809, 4003, 3/8, 248, 2418
809, 4339, 2/3, 274, 2442
809, 5051, 1/2, 260, 2486
809, 5903, 3/5, 264, 2532
809, 6451, 2/3, 262, 2558
809, 9157, 1, 251, 2660

811, 2503, 3/8, 261, 2288
811, 3257, 1/2, 274, 2364
811, 3889, 3/5, 277, 2416
811, 3989, 3/8, 249, 2424
811, 4327, 2/3, 275, 2448
811, 5059, 1/2, 261, 2492
811, 6029, 3/5, 263, 2544
811, 6491, 2/3, 264, 2566
811, 9203, 1, 252, 2668

821, 2473, 3/8, 265, 2312
821, 3299, 1/2, 279, 2398
821, 3947, 3/5, 282, 2450
821, 4049, 3/8, 252, 2458
821, 4391, 2/3, 279, 2482
821, 5153, 1/2, 265, 2528
821, 5987, 3/5, 268, 2574
821, 6547, 2/3, 267, 2600
821, 9281, 1, 256, 2702

823, 2467, 3/8, 267, 2316
823, 3299, 1/2, 279, 2402
823, 3947, 3/5, 282, 2456
823, 4049, 3/8, 253, 2464
823, 4409, 2/3, 280, 2488
823, 5167, 1/2, 266, 2536
823, 6011, 3/5, 269, 2580
823, 6551, 2/3, 268, 2606
823, 9371, 1, 257, 2712

857, 2591, 3/8, 280, 2428
857, 3433, 1/2, 294, 2514
857, 4111, 3/5, 296, 2570
857, 4211, 3/8, 266, 2578
857, 4591, 2/3, 294, 2604
857, 5347, 1/2, 280, 2652
857, 6257, 3/5, 284, 2700
857, 6829, 2/3, 283, 2726
857, 9689, 1, 271, 2834

859, 2579, 3/8, 282, 2432
859, 3491, 1/2, 294, 2526
859, 4129, 3/5, 297, 2578
859, 4241, 3/8, 267, 2586
859, 4597, 2/3, 295, 2610
859, 5387, 1/2, 281, 2660
859, 6263, 3/5, 284, 2706
859, 6841, 2/3, 284, 2734
859, 9787, 1, 272, 2844

881, 2657, 3/8, 291, 2504
881, 3527, 1/2, 304, 2594
881, 4273, 3/5, 308, 2654
881, 4349, 3/8, 276, 2660
881, 4721, 2/3, 305, 2686
881, 5507, 1/2, 290, 2734
881, 6421, 3/5, 293, 2784
881, 7013, 2/3, 292, 2812
881, 10007, 1, 281, 2924

907, 2741, 3/8, 300, 2588
907, 3631, 1/2, 315, 2680
907, 4397, 3/5, 318, 2742
907, 4457, 3/8, 286, 2746
907, 4861, 2/3, 316, 2774
907, 5683, 1/2, 302, 2826
907, 6607, 3/5, 305, 2876
907, 7243, 2/3, 303, 2906
907, 10259, 1, 292, 3020

929, 2801, 3/8, 310, 2658
929, 3719, 1/2, 326, 2752
929, 4481, 3/5, 328, 2816
929, 4583, 3/8, 294, 2822
929, 4951, 2/3, 326, 2848
929, 5807, 1/2, 310, 2902
929, 6763, 3/5, 315, 2952
929, 7417, 2/3, 313, 2984
929, 10501, 1, 301, 3100

941, 2833, 3/8, 314, 2696
941, 3761, 1/2, 331, 2792
941, 4513, 3/5, 333, 2854
941, 4637, 3/8, 299, 2864
941, 5059, 2/3, 331, 2892
941, 5903, 1/2, 315, 2944
941, 6883, 3/5, 320, 2996
941, 7517, 2/3, 318, 3026
941, 10639, 1, 306, 3144

953, 2879, 3/8, 319, 2736
953, 3823, 1/2, 336, 2834
953, 4591, 3/5, 338, 2896
953, 4721, 3/8, 304, 2906
953, 5087, 2/3, 337, 2932
953, 5981, 1/2, 321, 2986
953, 6949, 3/5, 325, 3038
953, 7589, 2/3, 323, 3068
953, 10781, 1, 311, 3190

977, 2957, 3/8, 328, 2814
977, 3911, 1/2, 346, 2912
977, 4691, 3/5, 349, 2976
977, 4801, 3/8, 315, 2984
977, 5227, 2/3, 347, 3014
977, 6101, 1/2, 331, 3070
977, 7121, 3/5, 336, 3124
977, 7789, 2/3, 334, 3156
977, 11047, 1, 321, 3278

1013, 3067, 3/8, 343, 2932
1013, 4049, 1/2, 361, 3032
1013, 4871, 3/5, 366, 3100
1013, 4993, 3/8, 327, 3110
1013, 5399, 2/3, 363, 3138
1013, 6323, 1/2, 346, 3196
1013, 7411, 3/5, 350, 3254
1013, 8087, 2/3, 350, 3286
1013, 11489, 1, 336, 3414
