509, 2048,  3/8, 140, 1398
509, 2048,  1/2, 150, 1398
509, 4096,  3/8, 127, 1524
509, 4096,  1/2, 136, 1524
509, 4096,  3/5, 140, 1524
509, 4096,  2/3, 141, 1524
509, 8192,  2/3, 127, 1652
509, 8192,  3/5, 127, 1652
509, 8192, 1, 127, 1652

557, 2048,  3/8, 160, 1530
557, 4096,  3/8, 146, 1668
557, 4096,  1/2, 156, 1668
557, 4096,  3/5, 160, 1668
557, 4096,  2/3, 162, 1668
557, 8192,  1/2, 143, 1808
557, 8192,  3/5, 146, 1808
557, 8192,  2/3, 147, 1808
557, 8192, 1, 147, 1808

653, 2048,  3/8, 199, 1794
653, 4096,  1/2, 197, 1956
653, 4096,  3/5, 202, 1956
653, 4096,  2/3, 204, 1956
653, 8192,  3/8, 169, 2120
653, 8192,  1/2, 181, 2120
653, 8192,  3/5, 186, 2120
653, 8192,  2/3, 187, 2120
653, 8192, 1, 187, 2120

677, 2048,  3/8, 210, 1860
677, 4096,  1/2, 208, 2028
677, 4096,  3/5, 213, 2028
677, 4096,  2/3, 214, 2028
677, 8192,  3/8, 179, 2198
677, 8192,  1/2, 192, 2198
677, 8192,  3/5, 196, 2198
677, 8192,  2/3, 197, 2198
677, 8192, 1, 197, 2198

701, 4096,  3/8, 204, 2100
701, 4096,  1/2, 219, 2100
701, 4096,  3/5, 224, 2100
701, 4096,  2/3, 226, 2100
701, 8192,  3/8, 188, 2276
701, 8192,  1/2, 201, 2276
701, 8192,  3/5, 206, 2276
701, 8192,  2/3, 207, 2276
701, 8192, 1, 207, 2276

773, 4096,  3/8, 232, 2316
773, 4096,  1/2, 250, 2316
773, 4096,  3/5, 257, 2316
773, 8192,  3/8, 216, 2510
773, 8192,  1/2, 232, 2510
773, 8192,  3/5, 238, 2510
773, 8192,  2/3, 239, 2510
773, 8192,  2/3, 239, 2510
773, 16384, 1, 221, 2702

797, 4096,  3/8, 242, 2388
797, 4096,  1/2, 261, 2388
797, 4096,  3/5, 268, 2388
797, 8192,  3/8, 226, 2588
797, 8192,  1/2, 242, 2588
797, 8192,  3/5, 248, 2588
797, 8192,  2/3, 250, 2588
797, 8192,  2/3, 250, 2588
797, 16384, 1, 231, 2786

821, 4096,  3/8, 252, 2460
821, 4096,  1/2, 273, 2460
821, 4096,  3/5, 280, 2460
821, 8192,  3/8, 235, 2666
821, 8192,  1/2, 252, 2666
821, 8192,  3/5, 259, 2666
821, 8192,  2/3, 260, 2666
821, 8192,  2/3, 260, 2666
821, 16384, 1, 241, 2870

859, 4096,  3/8, 268, 2574
859, 4096,  1/2, 289, 2574
859, 8192,  3/8, 250, 2790
859, 8192,  1/2, 269, 2790
859, 8192,  3/5, 276, 2790
859, 8192,  3/5, 276, 2790
859, 8192,  2/3, 278, 2790
859, 8192,  2/3, 278, 2790
859, 16384, 1, 257, 3004

907, 4096,  3/8, 289, 2718
907, 4096,  1/2, 311, 2718
907, 8192,  3/8, 270, 2946
907, 8192,  1/2, 290, 2946
907, 8192,  3/5, 298, 2946
907, 8192,  3/5, 298, 2946
907, 8192,  2/3, 299, 2946
907, 16384,  2/3, 278, 3172
907, 16384, 1, 278, 3172

941, 4096,  3/8, 304, 2820
941, 4096,  1/2, 328, 2820
941, 8192,  3/8, 284, 3056
941, 8192,  1/2, 305, 3056
941, 8192,  3/5, 314, 3056
941, 8192,  2/3, 315, 3056
941, 16384,  3/5, 292, 3290
941, 16384,  1, 293, 3290
941, 16384,  2/3, 294, 3290
