449, 1217, 1201/3584, 109, 1148
449, 1223, 1207/3584, 109, 1150
449, 1231, 1215/3584, 109, 1150
449, 1279, 1263/3584, 109, 1156
449, 1321, 1305/3584, 110, 1162
449, 1373, 1357/3584, 110, 1168
449, 1381, 195/512, 110, 1170
449, 1409, 199/512, 110, 1172
449, 1423, 201/512, 110, 1174
449, 1433, 1417/3584, 110, 1176
449, 1451, 205/512, 111, 1178
449, 1471, 1455/3584, 111, 1180
449, 1483, 1467/3584, 111, 1180
449, 1489, 1473/3584, 111, 1182
449, 1493, 211/512, 111, 1182
449, 1499, 1483/3584, 111, 1182
449, 1553, 1537/3584, 111, 1188
449, 1579, 1563/3584, 111, 1190
449, 1607, 1591/3584, 112, 1194
449, 1609, 1593/3584, 111, 1194
449, 1613, 1597/3584, 111, 1194
449, 1619, 229/512, 112, 1196
449, 1637, 1621/3584, 112, 1196
449, 1657, 1641/3584, 112, 1198
449, 1663, 1647/3584, 112, 1200
449, 1693, 1677/3584, 112, 1202
449, 1721, 1705/3584, 112, 1204
449, 1723, 1707/3584, 112, 1206
449, 1753, 1737/3584, 112, 1208
449, 1777, 1761/3584, 112, 1210
449, 1783, 1767/3584, 112, 1210
449, 1811, 1795/3584, 112, 1214
449, 1823, 1807/3584, 112, 1214
449, 1861, 1845/3584, 112, 1218
449, 1871, 265/512, 112, 1218
449, 1879, 1863/3584, 112, 1220
449, 1901, 1885/3584, 112, 1220
449, 1913, 271/512, 112, 1222
449, 1931, 1915/3584, 112, 1224
449, 1949, 1933/3584, 112, 1224
449, 1973, 1957/3584, 112, 1226
449, 1979, 1963/3584, 112, 1228
449, 1997, 283/512, 112, 1228
449, 2027, 2011/3584, 112, 1232
449, 2029, 2013/3584, 112, 1232
449, 2039, 289/512, 112, 1232
449, 2053, 291/512, 112, 1234
449, 2087, 2071/3584, 112, 1236
449, 2099, 2083/3584, 112, 1236
449, 2113, 2097/3584, 111, 1238
449, 2129, 2113/3584, 111, 1240
449, 2141, 2125/3584, 111, 1240
449, 2179, 309/512, 111, 1244
449, 2203, 2187/3584, 111, 1244
449, 2207, 313/512, 111, 1246
449, 2239, 2223/3584, 111, 1248
449, 2251, 2235/3584, 111, 1248
449, 2287, 2271/3584, 111, 1250
449, 2293, 2277/3584, 111, 1252
449, 2311, 2295/3584, 111, 1252
449, 2339, 2323/3584, 110, 1254
449, 2341, 2325/3584, 110, 1254
449, 2377, 2361/3584, 110, 1258
449, 2381, 2365/3584, 110, 1258
449, 2383, 2367/3584, 110, 1258
449, 2393, 2377/3584, 110, 1258

461, 1277, 1261/3680, 112, 1188
461, 1301, 257/736, 113, 1190
461, 1373, 59/160, 113, 1200
461, 1381, 273/736, 113, 1200
461, 1423, 1407/3680, 114, 1206
461, 1427, 1411/3680, 114, 1206
461, 1429, 1413/3680, 114, 1206
461, 1433, 1417/3680, 114, 1206
461, 1481, 293/736, 114, 1212
461, 1489, 1473/3680, 114, 1214
461, 1499, 1483/3680, 114, 1214
461, 1511, 13/32, 114, 1216
461, 1523, 1507/3680, 114, 1216
461, 1531, 303/736, 114, 1218
461, 1543, 1527/3680, 114, 1220
461, 1553, 1537/3680, 115, 1220
461, 1559, 1543/3680, 114, 1220
461, 1567, 1551/3680, 114, 1222
461, 1583, 1567/3680, 115, 1224
461, 1597, 1581/3680, 114, 1224
461, 1609, 1593/3680, 115, 1226
461, 1613, 1597/3680, 115, 1226
461, 1657, 1641/3680, 115, 1230
461, 1667, 1651/3680, 115, 1232
461, 1697, 1681/3680, 115, 1234
461, 1709, 1693/3680, 115, 1236
461, 1721, 341/736, 115, 1238
461, 1789, 1773/3680, 115, 1244
461, 1847, 1831/3680, 115, 1248
461, 1871, 371/736, 115, 1252
461, 1873, 1857/3680, 115, 1252
461, 1879, 81/160, 115, 1252
461, 1907, 1891/3680, 115, 1254
461, 1913, 1897/3680, 115, 1254
461, 1979, 1963/3680, 115, 1260
461, 1993, 1977/3680, 115, 1262
461, 1999, 1983/3680, 115, 1262
461, 2003, 1987/3680, 115, 1262
461, 2017, 87/160, 115, 1264
461, 2027, 2011/3680, 115, 1264
461, 2029, 2013/3680, 115, 1264
461, 2063, 89/160, 115, 1268
461, 2083, 2067/3680, 115, 1268
461, 2099, 2083/3680, 115, 1270
461, 2111, 419/736, 115, 1272
461, 2113, 2097/3680, 115, 1272
461, 2129, 2113/3680, 115, 1272
461, 2131, 423/736, 115, 1272
461, 2137, 2121/3680, 115, 1274
461, 2153, 2137/3680, 115, 1274
461, 2207, 2191/3680, 115, 1278
461, 2239, 2223/3680, 115, 1280
461, 2287, 2271/3680, 115, 1284
461, 2293, 99/160, 115, 1284
461, 2297, 2281/3680, 115, 1286
461, 2333, 2317/3680, 114, 1288
461, 2339, 101/160, 114, 1288
461, 2347, 2331/3680, 114, 1288
461, 2351, 467/736, 114, 1288
461, 2357, 2341/3680, 114, 1290
461, 2371, 471/736, 114, 1290
461, 2383, 2367/3680, 114, 1292
461, 2411, 479/736, 114, 1294
461, 2417, 2401/3680, 114, 1294
461, 2423, 2407/3680, 114, 1294
461, 2441, 485/736, 114, 1296
461, 2459, 2443/3680, 114, 1296
461, 2473, 2/3, 114, 1298

463, 1259, 113/336, 112, 1190
463, 1279, 421/1232, 112, 1194
463, 1291, 425/1232, 113, 1194
463, 1327, 437/1232, 113, 1200
463, 1373, 1357/3696, 114, 1204
463, 1409, 199/528, 114, 1210
463, 1429, 471/1232, 114, 1212
463, 1481, 1465/3696, 114, 1218
463, 1493, 211/528, 114, 1218
463, 1531, 505/1232, 115, 1224
463, 1549, 73/176, 115, 1224
463, 1553, 1537/3696, 115, 1226
463, 1597, 527/1232, 115, 1230
463, 1613, 1597/3696, 115, 1232
463, 1667, 1651/3696, 116, 1238
463, 1699, 51/112, 116, 1240
463, 1721, 155/336, 116, 1242
463, 1783, 589/1232, 116, 1248
463, 1823, 1807/3696, 116, 1252
463, 1871, 265/528, 116, 1256
463, 1889, 1873/3696, 116, 1258
463, 1979, 1963/3696, 116, 1266
463, 1993, 659/1232, 116, 1266
463, 1999, 661/1232, 116, 1268
463, 2003, 1987/3696, 116, 1268
463, 2017, 667/1232, 116, 1268
463, 2027, 2011/3696, 116, 1270
463, 2069, 2053/3696, 116, 1274
463, 2083, 689/1232, 116, 1274
463, 2143, 709/1232, 115, 1280
463, 2153, 2137/3696, 116, 1280
463, 2161, 65/112, 116, 1280
463, 2179, 103/176, 116, 1282
463, 2243, 2227/3696, 115, 1286
463, 2273, 2257/3696, 115, 1288
463, 2311, 765/1232, 115, 1292
463, 2339, 2323/3696, 115, 1294
463, 2341, 775/1232, 115, 1294
463, 2417, 343/528, 114, 1300
463, 2423, 2407/3696, 114, 1300
463, 2467, 817/1232, 114, 1302

487, 1319, 1303/3888, 119, 1260
487, 1321, 145/432, 119, 1260
487, 1327, 437/1296, 119, 1262
487, 1361, 1345/3888, 120, 1266
487, 1399, 461/1296, 120, 1270
487, 1423, 469/1296, 120, 1274
487, 1429, 157/432, 120, 1274
487, 1459, 481/1296, 121, 1278
487, 1471, 485/1296, 121, 1280
487, 1481, 1465/3888, 121, 1280
487, 1483, 163/432, 121, 1280
487, 1489, 491/1296, 121, 1282
487, 1549, 511/1296, 121, 1288
487, 1579, 521/1296, 122, 1292
487, 1597, 527/1296, 122, 1294
487, 1609, 59/144, 122, 1296
487, 1619, 1603/3888, 122, 1296
487, 1621, 535/1296, 122, 1296
487, 1637, 1621/3888, 122, 1298
487, 1663, 61/144, 122, 1300
487, 1723, 569/1296, 122, 1308
487, 1777, 587/1296, 122, 1312
487, 1787, 1771/3888, 122, 1314
487, 1811, 1795/3888, 123, 1316
487, 1867, 617/1296, 123, 1322
487, 1871, 1855/3888, 123, 1322
487, 1877, 1861/3888, 123, 1322
487, 1879, 23/48, 123, 1322
487, 1933, 71/144, 123, 1328
487, 1951, 215/432, 123, 1328
487, 1993, 659/1296, 123, 1332
487, 2011, 665/1296, 123, 1334
487, 2053, 679/1296, 123, 1338
487, 2099, 2083/3888, 123, 1342
487, 2113, 233/432, 123, 1342
487, 2131, 235/432, 123, 1344
487, 2161, 715/1296, 123, 1346
487, 2179, 721/1296, 123, 1348
487, 2213, 2197/3888, 123, 1352
487, 2239, 247/432, 123, 1354
487, 2267, 2251/3888, 123, 1356
487, 2273, 2257/3888, 123, 1356
487, 2281, 755/1296, 123, 1356
487, 2293, 253/432, 123, 1358
487, 2333, 2317/3888, 123, 1360
487, 2357, 2341/3888, 122, 1362
487, 2377, 787/1296, 122, 1364
487, 2393, 2377/3888, 122, 1364
487, 2399, 2383/3888, 122, 1366
487, 2441, 2425/3888, 122, 1368
487, 2459, 2443/3888, 122, 1370
487, 2503, 829/1296, 122, 1372
487, 2521, 835/1296, 122, 1374
487, 2539, 841/1296, 122, 1376
487, 2543, 2527/3888, 122, 1376
487, 2549, 2533/3888, 121, 1376
487, 2593, 859/1296, 122, 1378
487, 2609, 2/3, 121, 1380

509, 1381, 1365/4064, 125, 1326
509, 1399, 1383/4064, 126, 1328
509, 1429, 1413/4064, 126, 1332
509, 1439, 1423/4064, 126, 1334
509, 1451, 1435/4064, 126, 1334
509, 1453, 1437/4064, 126, 1336
509, 1481, 1465/4064, 126, 1338
509, 1487, 1471/4064, 126, 1340
509, 1493, 1477/4064, 126, 1340
509, 1499, 1483/4064, 126, 1340
509, 1549, 1533/4064, 127, 1346
509, 1559, 1543/4064, 127, 1348
509, 1567, 1551/4064, 127, 1348
509, 1579, 1563/4064, 127, 1350
509, 1601, 1585/4064, 127, 1352
509, 1613, 1597/4064, 127, 1354
509, 1637, 1621/4064, 128, 1356
509, 1663, 1647/4064, 128, 1360
509, 1667, 13/32, 128, 1360
509, 1669, 1653/4064, 128, 1360
509, 1693, 1677/4064, 128, 1364
509, 1697, 1681/4064, 128, 1364
509, 1709, 1693/4064, 128, 1364
509, 1721, 1705/4064, 128, 1366
509, 1733, 1717/4064, 128, 1368
509, 1741, 1725/4064, 128, 1368
509, 1753, 1737/4064, 128, 1370
509, 1759, 1743/4064, 128, 1370
509, 1777, 1761/4064, 129, 1372
509, 1787, 1771/4064, 129, 1374
509, 1801, 1785/4064, 129, 1374
509, 1823, 1807/4064, 129, 1376
509, 1831, 1815/4064, 129, 1378
509, 1861, 1845/4064, 129, 1380
509, 1871, 1855/4064, 129, 1382
509, 1873, 1857/4064, 129, 1382
509, 1879, 1863/4064, 129, 1382
509, 1889, 1873/4064, 129, 1384
509, 1901, 1885/4064, 129, 1384
509, 1907, 1891/4064, 129, 1384
509, 1949, 1933/4064, 129, 1388
509, 1973, 1957/4064, 129, 1392
509, 2003, 1987/4064, 129, 1394
509, 2017, 2001/4064, 129, 1396
509, 2029, 2013/4064, 129, 1396
509, 2039, 2023/4064, 129, 1398
509, 2063, 2047/4064, 129, 1400
509, 2069, 2053/4064, 130, 1400
509, 2083, 2067/4064, 129, 1402
509, 2087, 2071/4064, 129, 1402
509, 2089, 2073/4064, 129, 1402
509, 2099, 2083/4064, 129, 1402
509, 2111, 2095/4064, 129, 1404
509, 2113, 2097/4064, 129, 1404
509, 2131, 2115/4064, 129, 1406
509, 2153, 2137/4064, 129, 1408
509, 2179, 2163/4064, 129, 1410
509, 2207, 2191/4064, 129, 1412
509, 2237, 2221/4064, 129, 1414
509, 2239, 2223/4064, 129, 1414
509, 2269, 2253/4064, 129, 1416
509, 2293, 2277/4064, 129, 1418
509, 2309, 2293/4064, 129, 1420
509, 2333, 2317/4064, 129, 1422
509, 2339, 2323/4064, 129, 1422
509, 2341, 2325/4064, 129, 1422
509, 2347, 2331/4064, 129, 1422
509, 2351, 2335/4064, 129, 1424
509, 2357, 2341/4064, 129, 1424
509, 2377, 2361/4064, 129, 1426
509, 2381, 2365/4064, 129, 1426
509, 2383, 2367/4064, 129, 1426
509, 2399, 2383/4064, 129, 1426
509, 2411, 2395/4064, 129, 1428
509, 2417, 2401/4064, 129, 1428
509, 2437, 2421/4064, 129, 1430
509, 2447, 2431/4064, 129, 1430
509, 2459, 2443/4064, 129, 1432
509, 2467, 2451/4064, 129, 1432
509, 2473, 2457/4064, 129, 1432
509, 2503, 2487/4064, 129, 1434
509, 2543, 2527/4064, 129, 1438
509, 2557, 2541/4064, 129, 1438
509, 2579, 2563/4064, 128, 1440
509, 2591, 2575/4064, 128, 1442
509, 2593, 2577/4064, 128, 1442
509, 2617, 2601/4064, 128, 1442
509, 2621, 2605/4064, 128, 1444
509, 2633, 2617/4064, 128, 1444
509, 2657, 2641/4064, 128, 1446
509, 2659, 2643/4064, 128, 1446
509, 2677, 2661/4064, 128, 1448
509, 2687, 2671/4064, 128, 1448
509, 2707, 2691/4064, 128, 1450
509, 2711, 2695/4064, 128, 1450
509, 2713, 2697/4064, 128, 1450
509, 2729, 2/3, 128, 1450

521, 1409, 1393/4160, 129, 1360
521, 1423, 1407/4160, 129, 1362
521, 1427, 1411/4160, 129, 1364
521, 1429, 1413/4160, 129, 1364
521, 1451, 287/832, 129, 1366
521, 1471, 291/832, 129, 1368
521, 1481, 293/832, 129, 1370
521, 1487, 1471/4160, 129, 1370
521, 1493, 1477/4160, 130, 1372
521, 1549, 1533/4160, 130, 1378
521, 1601, 317/832, 131, 1384
521, 1697, 1681/4160, 131, 1396
521, 1699, 1683/4160, 131, 1396
521, 1709, 1693/4160, 131, 1398
521, 1721, 341/832, 131, 1398
521, 1733, 1717/4160, 131, 1400
521, 1741, 345/832, 131, 1400
521, 1747, 1731/4160, 132, 1402
521, 1753, 1737/4160, 132, 1402
521, 1787, 1771/4160, 132, 1406
521, 1861, 369/832, 132, 1414
521, 1877, 1861/4160, 132, 1414
521, 1889, 1873/4160, 132, 1416
521, 1907, 1891/4160, 133, 1418
521, 1913, 1897/4160, 133, 1418
521, 1931, 383/832, 132, 1420
521, 1973, 1957/4160, 133, 1424
521, 1997, 1981/4160, 133, 1426
521, 1999, 1983/4160, 133, 1426
521, 2011, 399/832, 133, 1428
521, 2017, 2001/4160, 133, 1428
521, 2069, 2053/4160, 133, 1432
521, 2081, 413/832, 133, 1434
521, 2087, 2071/4160, 133, 1434
521, 2099, 2083/4160, 133, 1436
521, 2111, 419/832, 133, 1436
521, 2161, 33/64, 133, 1442
521, 2179, 2163/4160, 133, 1442
521, 2221, 441/832, 133, 1446
521, 2237, 2221/4160, 133, 1448
521, 2243, 2227/4160, 133, 1448
521, 2251, 447/832, 133, 1448
521, 2287, 2271/4160, 133, 1452
521, 2293, 2277/4160, 133, 1452
521, 2311, 459/832, 133, 1454
521, 2333, 2317/4160, 133, 1456
521, 2341, 465/832, 133, 1456
521, 2381, 473/832, 133, 1460
521, 2383, 2367/4160, 133, 1460
521, 2389, 2373/4160, 133, 1460
521, 2423, 2407/4160, 133, 1462
521, 2441, 485/832, 133, 1464
521, 2447, 187/320, 132, 1464
521, 2459, 2443/4160, 132, 1466
521, 2539, 2523/4160, 132, 1472
521, 2551, 39/64, 132, 1472
521, 2557, 2541/4160, 132, 1472
521, 2591, 515/832, 132, 1476
521, 2633, 2617/4160, 132, 1478
521, 2659, 2643/4160, 132, 1480
521, 2671, 531/832, 132, 1480
521, 2683, 2667/4160, 132, 1482
521, 2687, 2671/4160, 132, 1482
521, 2713, 2697/4160, 131, 1484
521, 2731, 543/832, 131, 1484
521, 2741, 545/832, 131, 1486
521, 2777, 2761/4160, 131, 1488
521, 2789, 2773/4160, 131, 1488
521, 2791, 2/3, 131, 1490

557, 1523, 1507/4448, 139, 1470
557, 1531, 1515/4448, 139, 1472
557, 1543, 1527/4448, 139, 1474
557, 1579, 1563/4448, 139, 1478
557, 1613, 1597/4448, 140, 1482
557, 1619, 1603/4448, 140, 1482
557, 1621, 1605/4448, 140, 1484
557, 1627, 1611/4448, 140, 1484
557, 1637, 1621/4448, 140, 1486
557, 1657, 1641/4448, 140, 1488
557, 1663, 1647/4448, 140, 1488
557, 1669, 1653/4448, 141, 1488
557, 1709, 1693/4448, 141, 1494
557, 1721, 1705/4448, 141, 1496
557, 1723, 1707/4448, 141, 1496
557, 1801, 1785/4448, 142, 1504
557, 1811, 1795/4448, 142, 1506
557, 1823, 13/32, 142, 1506
557, 1847, 1831/4448, 142, 1510
557, 1871, 1855/4448, 142, 1512
557, 1873, 1857/4448, 142, 1512
557, 1879, 1863/4448, 142, 1512
557, 1889, 1873/4448, 142, 1514
557, 1901, 1885/4448, 142, 1516
557, 1913, 1897/4448, 142, 1516
557, 1933, 1917/4448, 142, 1518
557, 1949, 1933/4448, 143, 1520
557, 1979, 1963/4448, 143, 1524
557, 2011, 1995/4448, 143, 1526
557, 2017, 2001/4448, 143, 1526
557, 2027, 2011/4448, 143, 1528
557, 2029, 2013/4448, 143, 1528
557, 2039, 2023/4448, 143, 1530
557, 2063, 2047/4448, 143, 1532
557, 2081, 2065/4448, 143, 1534
557, 2083, 2067/4448, 143, 1534
557, 2099, 2083/4448, 143, 1534
557, 2111, 2095/4448, 143, 1536
557, 2129, 2113/4448, 143, 1538
557, 2137, 2121/4448, 143, 1538
557, 2141, 2125/4448, 143, 1538
557, 2143, 2127/4448, 143, 1540
557, 2153, 2137/4448, 143, 1540
557, 2207, 2191/4448, 143, 1544
557, 2239, 2223/4448, 144, 1548
557, 2251, 2235/4448, 143, 1548
557, 2269, 2253/4448, 144, 1550
557, 2273, 2257/4448, 144, 1550
557, 2281, 2265/4448, 144, 1552
557, 2357, 2341/4448, 144, 1558
557, 2389, 2373/4448, 144, 1560
557, 2393, 2377/4448, 144, 1562
557, 2417, 2401/4448, 144, 1564
557, 2423, 2407/4448, 144, 1564
557, 2437, 2421/4448, 144, 1564
557, 2441, 2425/4448, 144, 1566
557, 2447, 2431/4448, 144, 1566
557, 2467, 2451/4448, 144, 1568
557, 2473, 2457/4448, 144, 1568
557, 2477, 2461/4448, 144, 1568
557, 2503, 2487/4448, 143, 1570
557, 2521, 2505/4448, 144, 1572
557, 2531, 2515/4448, 144, 1572
557, 2539, 2523/4448, 143, 1574
557, 2543, 2527/4448, 143, 1574
557, 2557, 2541/4448, 143, 1574
557, 2591, 2575/4448, 143, 1578
557, 2593, 2577/4448, 143, 1578
557, 2609, 2593/4448, 143, 1578
557, 2621, 2605/4448, 143, 1580
557, 2633, 2617/4448, 143, 1580
557, 2647, 2631/4448, 143, 1582
557, 2657, 19/32, 143, 1582
557, 2659, 2643/4448, 143, 1582
557, 2677, 2661/4448, 143, 1584
557, 2687, 2671/4448, 143, 1584
557, 2693, 2677/4448, 143, 1584
557, 2699, 2683/4448, 143, 1586
557, 2707, 2691/4448, 143, 1586
557, 2713, 2697/4448, 143, 1586
557, 2719, 2703/4448, 143, 1586
557, 2729, 2713/4448, 143, 1588
557, 2741, 2725/4448, 143, 1588
557, 2753, 2737/4448, 143, 1590
557, 2767, 2751/4448, 143, 1590
557, 2777, 2761/4448, 143, 1592
557, 2797, 2781/4448, 142, 1592
557, 2803, 2787/4448, 142, 1592
557, 2819, 2803/4448, 143, 1594
557, 2833, 2817/4448, 143, 1596
557, 2837, 2821/4448, 143, 1596
557, 2843, 2827/4448, 143, 1596
557, 2851, 2835/4448, 142, 1596
557, 2857, 2841/4448, 142, 1596
557, 2909, 2893/4448, 142, 1600
557, 2927, 2911/4448, 142, 1602
557, 2971, 2955/4448, 142, 1604

569, 1553, 1537/4544, 142, 1506
569, 1559, 1543/4544, 142, 1508
569, 1583, 1567/4544, 143, 1510
569, 1597, 1581/4544, 143, 1512
569, 1601, 1585/4544, 143, 1512
569, 1613, 1597/4544, 143, 1514
569, 1619, 1603/4544, 143, 1514
569, 1663, 1647/4544, 143, 1520
569, 1669, 1653/4544, 144, 1522
569, 1753, 1737/4544, 144, 1532
569, 1801, 1785/4544, 145, 1536
569, 1823, 1807/4544, 145, 1540
569, 1831, 1815/4544, 145, 1540
569, 1861, 1845/4544, 146, 1544
569, 1873, 1857/4544, 145, 1544
569, 1901, 1885/4544, 145, 1548
569, 1913, 1897/4544, 146, 1550
569, 1973, 1957/4544, 146, 1556
569, 1993, 1977/4544, 146, 1558
569, 1997, 1981/4544, 146, 1558
569, 2003, 1987/4544, 146, 1558
569, 2011, 1995/4544, 146, 1560
569, 2017, 2001/4544, 146, 1560
569, 2029, 2013/4544, 146, 1562
569, 2039, 2023/4544, 146, 1562
569, 2053, 2037/4544, 146, 1564
569, 2063, 2047/4544, 146, 1564
569, 2069, 2053/4544, 146, 1566
569, 2081, 2065/4544, 146, 1566
569, 2083, 2067/4544, 146, 1566
569, 2087, 2071/4544, 146, 1566
569, 2089, 2073/4544, 146, 1568
569, 2113, 2097/4544, 147, 1570
569, 2129, 2113/4544, 147, 1570
569, 2131, 2115/4544, 147, 1572
569, 2141, 2125/4544, 146, 1572
569, 2143, 2127/4544, 146, 1572
569, 2153, 2137/4544, 147, 1574
569, 2161, 2145/4544, 147, 1574
569, 2179, 2163/4544, 147, 1576
569, 2203, 2187/4544, 147, 1578
569, 2221, 2205/4544, 147, 1580
569, 2237, 2221/4544, 147, 1582
569, 2239, 2223/4544, 147, 1582
569, 2273, 2257/4544, 147, 1584
569, 2287, 2271/4544, 147, 1586
569, 2297, 2281/4544, 147, 1586
569, 2351, 2335/4544, 147, 1592
569, 2371, 2355/4544, 147, 1594
569, 2381, 2365/4544, 147, 1594
569, 2399, 2383/4544, 147, 1596
569, 2411, 2395/4544, 147, 1596
569, 2423, 2407/4544, 147, 1598
569, 2437, 2421/4544, 147, 1598
569, 2447, 2431/4544, 147, 1600
569, 2459, 2443/4544, 147, 1600
569, 2467, 2451/4544, 147, 1602
569, 2477, 2461/4544, 147, 1602
569, 2503, 2487/4544, 147, 1604
569, 2531, 2515/4544, 147, 1606
569, 2549, 2533/4544, 147, 1608
569, 2551, 2535/4544, 147, 1608
569, 2579, 2563/4544, 147, 1610
569, 2609, 2593/4544, 147, 1612
569, 2633, 2617/4544, 147, 1614
569, 2647, 2631/4544, 147, 1616
569, 2657, 2641/4544, 147, 1616
569, 2677, 2661/4544, 147, 1618
569, 2689, 2673/4544, 147, 1618
569, 2693, 2677/4544, 147, 1620
569, 2699, 2683/4544, 147, 1620
569, 2729, 2713/4544, 147, 1622
569, 2749, 2733/4544, 146, 1624
569, 2753, 2737/4544, 146, 1624
569, 2767, 2751/4544, 146, 1624
569, 2791, 2775/4544, 146, 1626
569, 2797, 2781/4544, 146, 1626
569, 2801, 2785/4544, 146, 1628
569, 2803, 2787/4544, 146, 1628
569, 2833, 2817/4544, 146, 1630
569, 2851, 2835/4544, 146, 1630
569, 2857, 2841/4544, 146, 1632
569, 2887, 2871/4544, 146, 1634
569, 2903, 2887/4544, 146, 1634
569, 2939, 2923/4544, 146, 1636
569, 2953, 2937/4544, 146, 1638
569, 2963, 2947/4544, 146, 1638
569, 2969, 2953/4544, 146, 1640
569, 2999, 2983/4544, 145, 1642
569, 3001, 2985/4544, 145, 1642
569, 3011, 2995/4544, 145, 1642
569, 3023, 3007/4544, 145, 1642
569, 3037, 3021/4544, 145, 1644
569, 3049, 2/3, 145, 1644

571, 1613, 1597/4560, 143, 1520
571, 1621, 107/304, 144, 1520
571, 1669, 29/80, 144, 1526
571, 1699, 561/1520, 144, 1530
571, 1723, 569/1520, 144, 1532
571, 1741, 115/304, 145, 1536
571, 1753, 579/1520, 145, 1536
571, 1759, 581/1520, 145, 1538
571, 1787, 1771/4560, 145, 1540
571, 1789, 591/1520, 145, 1540
571, 1801, 119/304, 145, 1542
571, 1913, 1897/4560, 146, 1554
571, 1951, 129/304, 146, 1558
571, 1997, 1981/4560, 146, 1564
571, 2011, 7/16, 147, 1564
571, 2039, 2023/4560, 147, 1568
571, 2099, 2083/4560, 147, 1574
571, 2111, 419/912, 147, 1574
571, 2129, 2113/4560, 147, 1576
571, 2143, 709/1520, 147, 1578
571, 2203, 729/1520, 147, 1584
571, 2239, 39/80, 147, 1586
571, 2273, 2257/4560, 148, 1590
571, 2287, 757/1520, 147, 1592
571, 2347, 777/1520, 148, 1596
571, 2351, 467/912, 148, 1596
571, 2357, 2341/4560, 148, 1598
571, 2377, 787/1520, 148, 1600
571, 2467, 43/80, 148, 1606
571, 2531, 503/912, 148, 1612
571, 2543, 133/240, 148, 1614
571, 2591, 515/912, 148, 1616
571, 2633, 2617/4560, 147, 1620
571, 2659, 881/1520, 148, 1622
571, 2677, 887/1520, 147, 1624
571, 2683, 889/1520, 147, 1624
571, 2711, 539/912, 147, 1626
571, 2719, 901/1520, 147, 1626
571, 2729, 2713/4560, 147, 1628
571, 2777, 2761/4560, 147, 1632
571, 2789, 2773/4560, 147, 1632
571, 2801, 557/912, 147, 1632
571, 2803, 929/1520, 147, 1634
571, 2927, 2911/4560, 147, 1642
571, 2957, 2941/4560, 146, 1644
571, 2963, 2947/4560, 146, 1644
571, 2969, 2953/4560, 146, 1644
571, 3023, 3007/4560, 146, 1648

593, 1601, 1585/4736, 149, 1576
593, 1607, 43/128, 149, 1578
593, 1609, 1593/4736, 149, 1578
593, 1619, 1603/4736, 149, 1578
593, 1667, 1651/4736, 150, 1586
593, 1693, 1677/4736, 150, 1588
593, 1699, 1683/4736, 150, 1590
593, 1723, 1707/4736, 150, 1592
593, 1753, 1737/4736, 151, 1596
593, 1759, 1743/4736, 151, 1596
593, 1789, 1773/4736, 151, 1600
593, 1801, 1785/4736, 151, 1602
593, 1823, 1807/4736, 151, 1604
593, 1831, 1815/4736, 151, 1606
593, 1867, 1851/4736, 152, 1610
593, 1913, 1897/4736, 152, 1614
593, 1949, 1933/4736, 152, 1618
593, 1951, 1935/4736, 152, 1618
593, 1987, 1971/4736, 153, 1622
593, 1993, 1977/4736, 153, 1624
593, 2003, 1987/4736, 153, 1624
593, 2017, 2001/4736, 153, 1626
593, 2029, 2013/4736, 153, 1628
593, 2053, 2037/4736, 153, 1630
593, 2069, 2053/4736, 153, 1632
593, 2081, 2065/4736, 153, 1632
593, 2089, 2073/4736, 153, 1634
593, 2099, 2083/4736, 153, 1634
593, 2113, 2097/4736, 153, 1636
593, 2129, 2113/4736, 153, 1638
593, 2131, 2115/4736, 153, 1638
593, 2141, 2125/4736, 153, 1638
593, 2153, 2137/4736, 153, 1640
593, 2207, 2191/4736, 154, 1644
593, 2213, 2197/4736, 154, 1646
593, 2221, 2205/4736, 153, 1646
593, 2239, 2223/4736, 154, 1648
593, 2267, 2251/4736, 154, 1650
593, 2269, 2253/4736, 154, 1650
593, 2273, 61/128, 154, 1652
593, 2287, 2271/4736, 154, 1652
593, 2297, 2281/4736, 154, 1654
593, 2309, 2293/4736, 154, 1654
593, 2311, 2295/4736, 154, 1654
593, 2377, 2361/4736, 154, 1660
593, 2383, 2367/4736, 154, 1662
593, 2399, 2383/4736, 154, 1662
593, 2417, 2401/4736, 154, 1664
593, 2423, 2407/4736, 154, 1664
593, 2441, 2425/4736, 154, 1666
593, 2447, 2431/4736, 154, 1668
593, 2459, 2443/4736, 154, 1668
593, 2467, 2451/4736, 154, 1668
593, 2477, 2461/4736, 154, 1670
593, 2503, 2487/4736, 154, 1672
593, 2521, 2505/4736, 154, 1674
593, 2531, 2515/4736, 154, 1674
593, 2539, 2523/4736, 154, 1674
593, 2549, 2533/4736, 154, 1676
593, 2557, 2541/4736, 154, 1676
593, 2591, 2575/4736, 154, 1680
593, 2593, 2577/4736, 154, 1680
593, 2609, 2593/4736, 154, 1680
593, 2617, 2601/4736, 154, 1682
593, 2621, 2605/4736, 154, 1682
593, 2647, 2631/4736, 154, 1684
593, 2663, 2647/4736, 154, 1686
593, 2671, 2655/4736, 154, 1686
593, 2689, 2673/4736, 154, 1688
593, 2699, 2683/4736, 154, 1688
593, 2711, 2695/4736, 154, 1688
593, 2713, 2697/4736, 154, 1690
593, 2731, 2715/4736, 154, 1690
593, 2741, 2725/4736, 154, 1692
593, 2749, 2733/4736, 154, 1692
593, 2767, 2751/4736, 154, 1694
593, 2777, 2761/4736, 154, 1694
593, 2789, 2773/4736, 154, 1694
593, 2791, 75/128, 154, 1696
593, 2801, 2785/4736, 154, 1696
593, 2851, 2835/4736, 154, 1700
593, 2857, 2841/4736, 153, 1700
593, 2861, 2845/4736, 153, 1700
593, 2879, 2863/4736, 153, 1702
593, 2909, 2893/4736, 153, 1704
593, 2917, 2901/4736, 153, 1704
593, 2939, 79/128, 153, 1706
593, 2953, 2937/4736, 153, 1708
593, 2971, 2955/4736, 153, 1708
593, 3019, 3003/4736, 153, 1712
593, 3061, 3045/4736, 153, 1714
593, 3067, 3051/4736, 153, 1716
593, 3079, 3063/4736, 153, 1716
593, 3137, 3121/4736, 152, 1720
593, 3163, 3147/4736, 152, 1722
593, 3169, 3153/4736, 152, 1722

607, 1657, 547/1616, 153, 1622
607, 1663, 549/1616, 153, 1622
607, 1667, 1651/4848, 153, 1622
607, 1669, 551/1616, 153, 1622
607, 1693, 559/1616, 153, 1626
607, 1709, 1693/4848, 153, 1628
607, 1723, 569/1616, 153, 1630
607, 1733, 17/48, 154, 1630
607, 1783, 589/1616, 154, 1638
607, 1789, 591/1616, 154, 1638
607, 1861, 615/1616, 155, 1646
607, 1867, 617/1616, 155, 1648
607, 1889, 1873/4848, 156, 1650
607, 1931, 1915/4848, 156, 1654
607, 1951, 645/1616, 156, 1656
607, 1987, 657/1616, 156, 1660
607, 2011, 665/1616, 156, 1664
607, 2027, 2011/4848, 156, 1666
607, 2039, 2023/4848, 157, 1666
607, 2053, 679/1616, 157, 1668
607, 2069, 2053/4848, 157, 1670
607, 2141, 2125/4848, 157, 1678
607, 2143, 709/1616, 157, 1678
607, 2153, 2137/4848, 157, 1678
607, 2179, 721/1616, 157, 1682
607, 2203, 729/1616, 157, 1684
607, 2243, 2227/4848, 158, 1688
607, 2251, 745/1616, 158, 1688
607, 2293, 759/1616, 158, 1692
607, 2297, 2281/4848, 158, 1692
607, 2339, 23/48, 158, 1696
607, 2341, 775/1616, 158, 1696
607, 2347, 777/1616, 158, 1698
607, 2351, 2335/4848, 158, 1698
607, 2357, 2341/4848, 158, 1698
607, 2377, 787/1616, 158, 1700
607, 2417, 2401/4848, 158, 1704
607, 2459, 2443/4848, 158, 1708
607, 2467, 817/1616, 158, 1708
607, 2531, 2515/4848, 158, 1714
607, 2551, 845/1616, 158, 1716
607, 2591, 2575/4848, 158, 1718
607, 2633, 2617/4848, 158, 1722
607, 2663, 2647/4848, 158, 1724
607, 2671, 885/1616, 158, 1726
607, 2707, 897/1616, 158, 1728
607, 2711, 2695/4848, 158, 1728
607, 2731, 905/1616, 158, 1730
607, 2749, 911/1616, 158, 1732
607, 2791, 925/1616, 158, 1736
607, 2801, 2785/4848, 158, 1736
607, 2833, 939/1616, 158, 1738
607, 2857, 947/1616, 158, 1740
607, 2861, 2845/4848, 158, 1740
607, 2897, 2881/4848, 158, 1744
607, 2909, 2893/4848, 158, 1744
607, 2963, 2947/4848, 158, 1748
607, 3019, 1001/1616, 158, 1752
607, 3089, 3073/4848, 157, 1758
607, 3109, 1031/1616, 157, 1758
607, 3119, 3103/4848, 157, 1760
607, 3167, 3151/4848, 157, 1762
607, 3169, 1051/1616, 157, 1762
607, 3203, 3187/4848, 156, 1766
607, 3253, 2/3, 156, 1768

617, 1667, 1651/4928, 156, 1650
617, 1741, 1725/4928, 156, 1658
617, 1759, 249/704, 156, 1662
617, 1811, 1795/4928, 157, 1668
617, 1877, 1861/4928, 158, 1676
617, 1931, 1915/4928, 158, 1682
617, 1973, 1957/4928, 159, 1686
617, 1987, 1971/4928, 159, 1688
617, 1997, 283/704, 159, 1690
617, 2011, 285/704, 159, 1690
617, 2053, 291/704, 159, 1696
617, 2063, 2047/4928, 159, 1696
617, 2083, 2067/4928, 160, 1698
617, 2129, 2113/4928, 160, 1704
617, 2131, 2115/4928, 160, 1704
617, 2143, 2127/4928, 160, 1706
617, 2153, 2137/4928, 160, 1706
617, 2207, 313/704, 160, 1712
617, 2213, 2197/4928, 160, 1712
617, 2221, 315/704, 160, 1714
617, 2237, 2221/4928, 161, 1714
617, 2267, 2251/4928, 161, 1718
617, 2273, 2257/4928, 161, 1718
617, 2281, 2265/4928, 161, 1718
617, 2287, 2271/4928, 161, 1720
617, 2339, 2323/4928, 161, 1724
617, 2341, 2325/4928, 161, 1724
617, 2351, 2335/4928, 161, 1726
617, 2357, 2341/4928, 161, 1726
617, 2377, 2361/4928, 161, 1728
617, 2393, 2377/4928, 161, 1730
617, 2411, 2395/4928, 161, 1732
617, 2423, 2407/4928, 161, 1732
617, 2441, 2425/4928, 161, 1734
617, 2473, 351/704, 161, 1736
617, 2503, 2487/4928, 161, 1740
617, 2521, 2505/4928, 161, 1742
617, 2543, 361/704, 161, 1744
617, 2579, 233/448, 161, 1746
617, 2591, 2575/4928, 161, 1748
617, 2593, 2577/4928, 161, 1748
617, 2609, 2593/4928, 161, 1748
617, 2617, 2601/4928, 161, 1750
617, 2621, 2605/4928, 161, 1750
617, 2657, 2641/4928, 161, 1752
617, 2659, 2643/4928, 161, 1754
617, 2663, 2647/4928, 161, 1754
617, 2671, 2655/4928, 161, 1754
617, 2683, 381/704, 161, 1756
617, 2699, 2683/4928, 161, 1756
617, 2707, 2691/4928, 161, 1756
617, 2711, 35/64, 161, 1758
617, 2729, 2713/4928, 161, 1758
617, 2731, 2715/4928, 161, 1758
617, 2791, 2775/4928, 161, 1764
617, 2879, 409/704, 161, 1770
617, 2917, 2901/4928, 161, 1774
617, 2939, 2923/4928, 161, 1776
617, 2953, 267/448, 161, 1776
617, 2963, 421/704, 161, 1778
617, 2969, 2953/4928, 161, 1778
617, 2971, 2955/4928, 161, 1778
617, 3001, 2985/4928, 161, 1780
617, 3019, 39/64, 161, 1782
617, 3037, 3021/4928, 161, 1782
617, 3061, 435/704, 161, 1784
617, 3109, 3093/4928, 161, 1788
617, 3119, 3103/4928, 160, 1788
617, 3169, 3153/4928, 160, 1792
617, 3181, 3165/4928, 160, 1792
617, 3191, 3175/4928, 160, 1794
617, 3217, 291/448, 160, 1796
617, 3221, 3205/4928, 160, 1796
617, 3253, 3237/4928, 160, 1798
617, 3271, 465/704, 160, 1800
617, 3299, 469/704, 159, 1800

631, 1733, 1717/5040, 160, 1696
631, 1777, 587/1680, 161, 1702
631, 1847, 1831/5040, 161, 1710
631, 1873, 619/1680, 161, 1714
631, 1907, 1891/5040, 162, 1718
631, 1949, 1933/5040, 162, 1722
631, 2003, 1987/5040, 163, 1728
631, 2011, 19/48, 163, 1730
631, 2137, 101/240, 164, 1744
631, 2239, 247/560, 164, 1754
631, 2273, 2257/5040, 165, 1758
631, 2333, 331/720, 165, 1764
631, 2341, 155/336, 165, 1764
631, 2447, 2431/5040, 165, 1774
631, 2531, 503/1008, 166, 1782
631, 2539, 841/1680, 165, 1782
631, 2543, 361/720, 165, 1782
631, 2617, 289/560, 166, 1790
631, 2633, 2617/5040, 165, 1790
631, 2647, 877/1680, 166, 1792
631, 2791, 185/336, 166, 1804
631, 2797, 309/560, 165, 1804
631, 2819, 2803/5040, 166, 1806
631, 2837, 403/720, 165, 1808
631, 2887, 319/560, 165, 1812
631, 2953, 979/1680, 165, 1816
631, 2999, 2983/5040, 165, 1820
631, 3011, 599/1008, 165, 1822
631, 3019, 143/240, 165, 1822
631, 3023, 3007/5040, 165, 1822
631, 3083, 3067/5040, 165, 1826
631, 3089, 439/720, 165, 1826
631, 3109, 1031/1680, 165, 1828
631, 3167, 3151/5040, 164, 1832
631, 3169, 1051/1680, 165, 1832
631, 3181, 211/336, 165, 1834
631, 3209, 3193/5040, 164, 1836
631, 3251, 647/1008, 164, 1838
631, 3257, 463/720, 164, 1838
631, 3329, 3313/5040, 164, 1844
631, 3347, 3331/5040, 164, 1846

641, 1733, 1717/5120, 162, 1722
641, 1753, 1737/5120, 163, 1726
641, 1759, 1743/5120, 163, 1726
641, 1787, 1771/5120, 163, 1730
641, 1831, 363/1024, 163, 1736
641, 1847, 1831/5120, 164, 1738
641, 1877, 1861/5120, 164, 1740
641, 1889, 1873/5120, 164, 1742
641, 1999, 1983/5120, 165, 1756
641, 2017, 2001/5120, 166, 1758
641, 2029, 2013/5120, 165, 1758
641, 2087, 2071/5120, 166, 1766
641, 2089, 2073/5120, 166, 1766
641, 2111, 419/1024, 166, 1768
641, 2113, 2097/5120, 166, 1768
641, 2137, 2121/5120, 166, 1770
641, 2141, 425/1024, 166, 1772
641, 2153, 2137/5120, 167, 1772
641, 2161, 429/1024, 167, 1774
641, 2251, 447/1024, 167, 1782
641, 2267, 2251/5120, 167, 1784
641, 2281, 453/1024, 167, 1786
641, 2297, 2281/5120, 167, 1788
641, 2311, 459/1024, 168, 1788
641, 2333, 2317/5120, 167, 1792
641, 2341, 465/1024, 168, 1792
641, 2347, 2331/5120, 168, 1792
641, 2351, 467/1024, 168, 1792
641, 2357, 2341/5120, 168, 1794
641, 2377, 2361/5120, 168, 1796
641, 2383, 2367/5120, 168, 1796
641, 2393, 2377/5120, 168, 1796
641, 2399, 2383/5120, 168, 1798
641, 2417, 2401/5120, 168, 1800
641, 2437, 2421/5120, 168, 1802
641, 2467, 2451/5120, 168, 1804
641, 2521, 501/1024, 168, 1808
641, 2531, 503/1024, 168, 1810
641, 2549, 2533/5120, 168, 1812
641, 2579, 2563/5120, 168, 1814
641, 2591, 515/1024, 168, 1816
641, 2617, 2601/5120, 168, 1818
641, 2647, 2631/5120, 168, 1820
641, 2659, 2643/5120, 168, 1822
641, 2671, 531/1024, 168, 1822
641, 2677, 2661/5120, 168, 1822
641, 2683, 2667/5120, 168, 1824
641, 2699, 2683/5120, 168, 1824
641, 2711, 539/1024, 168, 1826
641, 2729, 2713/5120, 168, 1828
641, 2731, 543/1024, 168, 1828
641, 2753, 2737/5120, 169, 1830
641, 2767, 2751/5120, 168, 1830
641, 2777, 2761/5120, 168, 1832
641, 2791, 555/1024, 168, 1832
641, 2801, 557/1024, 169, 1834
641, 2837, 2821/5120, 168, 1836
641, 2843, 2827/5120, 168, 1836
641, 2861, 569/1024, 168, 1838
641, 2927, 2911/5120, 168, 1844
641, 2939, 2923/5120, 168, 1844
641, 3011, 599/1024, 168, 1850
641, 3041, 605/1024, 168, 1852
641, 3049, 3033/5120, 168, 1852
641, 3109, 3093/5120, 168, 1858
641, 3119, 3103/5120, 168, 1858
641, 3137, 3121/5120, 168, 1860
641, 3167, 3151/5120, 168, 1862
641, 3181, 633/1024, 168, 1862
641, 3217, 3201/5120, 168, 1866
641, 3229, 3213/5120, 168, 1866
641, 3251, 647/1024, 167, 1868
641, 3253, 3237/5120, 167, 1868
641, 3259, 3243/5120, 167, 1868
641, 3271, 651/1024, 167, 1870
641, 3299, 3283/5120, 167, 1872
641, 3301, 657/1024, 167, 1872
641, 3313, 3297/5120, 167, 1872
641, 3361, 669/1024, 167, 1876
641, 3371, 671/1024, 167, 1876
641, 3389, 3373/5120, 167, 1878
641, 3407, 3391/5120, 167, 1878

653, 1759, 1743/5216, 165, 1758
653, 1777, 1761/5216, 166, 1760
653, 1787, 1771/5216, 166, 1762
653, 1789, 1773/5216, 166, 1762
653, 1801, 1785/5216, 166, 1764
653, 1811, 1795/5216, 166, 1766
653, 1831, 1815/5216, 167, 1768
653, 1861, 1845/5216, 167, 1772
653, 1871, 1855/5216, 167, 1772
653, 1879, 1863/5216, 167, 1774
653, 1913, 1897/5216, 168, 1778
653, 1933, 1917/5216, 168, 1780
653, 1951, 1935/5216, 168, 1782
653, 1973, 1957/5216, 168, 1786
653, 1979, 1963/5216, 168, 1786
653, 1997, 1981/5216, 168, 1788
653, 2027, 2011/5216, 169, 1792
653, 2039, 2023/5216, 169, 1792
653, 2053, 2037/5216, 169, 1794
653, 2063, 2047/5216, 169, 1796
653, 2087, 2071/5216, 169, 1798
653, 2099, 2083/5216, 169, 1800
653, 2111, 2095/5216, 169, 1802
653, 2113, 2097/5216, 170, 1802
653, 2129, 2113/5216, 170, 1804
653, 2131, 2115/5216, 170, 1804
653, 2141, 2125/5216, 170, 1804
653, 2143, 2127/5216, 170, 1804
653, 2161, 2145/5216, 170, 1806
653, 2179, 2163/5216, 170, 1808
653, 2203, 2187/5216, 170, 1812
653, 2207, 2191/5216, 170, 1812
653, 2213, 2197/5216, 170, 1812
653, 2221, 2205/5216, 170, 1814
653, 2243, 2227/5216, 170, 1816
653, 2273, 2257/5216, 170, 1818
653, 2281, 2265/5216, 170, 1820
653, 2293, 2277/5216, 171, 1820
653, 2297, 2281/5216, 171, 1820
653, 2309, 2293/5216, 171, 1822
653, 2311, 2295/5216, 171, 1822
653, 2339, 2323/5216, 171, 1826
653, 2341, 2325/5216, 171, 1826
653, 2347, 2331/5216, 171, 1826
653, 2351, 2335/5216, 171, 1826
653, 2357, 2341/5216, 171, 1828
653, 2371, 2355/5216, 171, 1828
653, 2377, 2361/5216, 171, 1830
653, 2381, 2365/5216, 171, 1830
653, 2383, 2367/5216, 171, 1830
653, 2389, 2373/5216, 171, 1830
653, 2393, 2377/5216, 171, 1830
653, 2423, 2407/5216, 171, 1834
653, 2459, 2443/5216, 171, 1838
653, 2473, 2457/5216, 171, 1838
653, 2543, 2527/5216, 172, 1844
653, 2551, 2535/5216, 172, 1846
653, 2557, 2541/5216, 172, 1846
653, 2579, 2563/5216, 172, 1848
653, 2591, 2575/5216, 172, 1850
653, 2609, 2593/5216, 172, 1850
653, 2617, 2601/5216, 172, 1852
653, 2633, 2617/5216, 172, 1854
653, 2647, 2631/5216, 172, 1854
653, 2657, 2641/5216, 172, 1856
653, 2677, 2661/5216, 172, 1856
653, 2683, 2667/5216, 172, 1858
653, 2687, 2671/5216, 172, 1858
653, 2707, 2691/5216, 172, 1860
653, 2731, 2715/5216, 172, 1862
653, 2753, 2737/5216, 172, 1864
653, 2767, 2751/5216, 172, 1864
653, 2789, 2773/5216, 172, 1866
653, 2801, 2785/5216, 172, 1868
653, 2833, 2817/5216, 172, 1870
653, 2843, 2827/5216, 172, 1872
653, 2851, 2835/5216, 172, 1872
653, 2857, 2841/5216, 172, 1872
653, 2909, 2893/5216, 172, 1876
653, 2927, 2911/5216, 172, 1878
653, 2939, 2923/5216, 172, 1878
653, 2963, 2947/5216, 172, 1880
653, 2999, 2983/5216, 172, 1884
653, 3011, 2995/5216, 172, 1884
653, 3019, 3003/5216, 172, 1886
653, 3023, 3007/5216, 172, 1886
653, 3037, 3021/5216, 172, 1886
653, 3041, 3025/5216, 172, 1886
653, 3067, 3051/5216, 172, 1888
653, 3083, 3067/5216, 172, 1890
653, 3109, 3093/5216, 172, 1892
653, 3119, 3103/5216, 172, 1892
653, 3137, 3121/5216, 171, 1894
653, 3163, 3147/5216, 172, 1896
653, 3167, 3151/5216, 172, 1896
653, 3181, 3165/5216, 171, 1898
653, 3203, 3187/5216, 171, 1900
653, 3209, 3193/5216, 171, 1900
653, 3217, 3201/5216, 171, 1900
653, 3251, 3235/5216, 171, 1902
653, 3253, 3237/5216, 171, 1902
653, 3257, 3241/5216, 171, 1904
653, 3313, 3297/5216, 171, 1908
653, 3359, 3343/5216, 170, 1910
653, 3371, 3355/5216, 170, 1912
653, 3373, 3357/5216, 170, 1912
653, 3391, 3375/5216, 170, 1912
653, 3413, 3397/5216, 170, 1914
653, 3449, 3433/5216, 170, 1916
653, 3457, 3441/5216, 170, 1918
653, 3463, 3447/5216, 170, 1918
653, 3467, 3451/5216, 170, 1918
653, 3491, 3475/5216, 170, 1920

677, 1831, 1815/5408, 172, 1832
677, 1861, 1845/5408, 173, 1836
677, 1873, 1857/5408, 173, 1838
677, 1877, 1861/5408, 173, 1838
677, 1889, 1873/5408, 173, 1840
677, 1907, 1891/5408, 174, 1842
677, 1913, 1897/5408, 174, 1844
677, 1933, 1917/5408, 174, 1846
677, 1949, 1933/5408, 174, 1848
677, 1951, 1935/5408, 174, 1848
677, 1987, 1971/5408, 175, 1852
677, 1999, 1983/5408, 174, 1854
677, 2003, 1987/5408, 175, 1854
677, 2011, 1995/5408, 175, 1856
677, 2029, 2013/5408, 175, 1858
677, 2039, 2023/5408, 175, 1858
677, 2063, 2047/5408, 175, 1862
677, 2081, 2065/5408, 176, 1864
677, 2111, 2095/5408, 176, 1868
677, 2113, 2097/5408, 176, 1868
677, 2129, 2113/5408, 176, 1870
677, 2141, 2125/5408, 176, 1870
677, 2143, 2127/5408, 176, 1872
677, 2203, 2187/5408, 177, 1878
677, 2207, 2191/5408, 177, 1878
677, 2221, 2205/5408, 177, 1880
677, 2237, 2221/5408, 177, 1882
677, 2243, 2227/5408, 177, 1882
677, 2269, 2253/5408, 177, 1884
677, 2273, 2257/5408, 177, 1886
677, 2297, 2281/5408, 177, 1888
677, 2309, 2293/5408, 177, 1890
677, 2311, 2295/5408, 177, 1890
677, 2341, 2325/5408, 178, 1892
677, 2351, 2335/5408, 178, 1894
677, 2357, 2341/5408, 178, 1894
677, 2377, 2361/5408, 178, 1896
677, 2399, 2383/5408, 178, 1898
677, 2417, 2401/5408, 178, 1900
677, 2423, 2407/5408, 178, 1900
677, 2437, 2421/5408, 178, 1902
677, 2447, 187/416, 178, 1904
677, 2467, 2451/5408, 178, 1906
677, 2477, 2461/5408, 178, 1906
677, 2503, 2487/5408, 178, 1908
677, 2531, 2515/5408, 178, 1912
677, 2543, 2527/5408, 178, 1912
677, 2557, 2541/5408, 178, 1914
677, 2609, 2593/5408, 179, 1920
677, 2617, 2601/5408, 179, 1920
677, 2633, 2617/5408, 179, 1922
677, 2647, 2631/5408, 179, 1922
677, 2663, 2647/5408, 179, 1924
677, 2677, 2661/5408, 179, 1926
677, 2689, 2673/5408, 179, 1926
677, 2711, 2695/5408, 179, 1928
677, 2713, 2697/5408, 179, 1928
677, 2719, 2703/5408, 179, 1930
677, 2731, 2715/5408, 179, 1930
677, 2753, 2737/5408, 179, 1932
677, 2791, 2775/5408, 179, 1936
677, 2797, 2781/5408, 179, 1936
677, 2819, 2803/5408, 179, 1938
677, 2833, 2817/5408, 179, 1940
677, 2861, 2845/5408, 179, 1942
677, 2879, 2863/5408, 179, 1944
677, 2887, 2871/5408, 179, 1944
677, 2939, 2923/5408, 179, 1948
677, 2953, 2937/5408, 179, 1950
677, 2963, 2947/5408, 179, 1950
677, 2969, 2953/5408, 179, 1950
677, 2999, 2983/5408, 179, 1952
677, 3019, 231/416, 179, 1954
677, 3089, 3073/5408, 179, 1960
677, 3119, 3103/5408, 179, 1962
677, 3121, 3105/5408, 179, 1962
677, 3191, 3175/5408, 179, 1968
677, 3209, 3193/5408, 179, 1970
677, 3217, 3201/5408, 179, 1970
677, 3229, 3213/5408, 179, 1972
677, 3257, 3241/5408, 178, 1974
677, 3271, 3255/5408, 179, 1974
677, 3313, 3297/5408, 178, 1978
677, 3343, 3327/5408, 178, 1980
677, 3413, 3397/5408, 178, 1984
677, 3433, 3417/5408, 178, 1986
677, 3457, 3441/5408, 178, 1988
677, 3461, 265/416, 178, 1988
677, 3467, 3451/5408, 178, 1988
677, 3499, 3483/5408, 178, 1990
677, 3527, 3511/5408, 178, 1992
677, 3539, 271/416, 178, 1994
677, 3541, 3525/5408, 178, 1994
677, 3547, 3531/5408, 178, 1994
677, 3557, 3541/5408, 178, 1994
677, 3559, 3543/5408, 178, 1994
677, 3571, 3555/5408, 178, 1996
677, 3623, 2/3, 177, 2000

691, 1889, 1873/5520, 177, 1878
691, 1901, 377/1104, 177, 1880
691, 1933, 639/1840, 177, 1884
691, 2027, 2011/5520, 178, 1896
691, 2129, 2113/5520, 180, 1908
691, 2141, 425/1104, 180, 1910
691, 2143, 709/1840, 180, 1910
691, 2297, 2281/5520, 181, 1928
691, 2333, 2317/5520, 181, 1930
691, 2411, 479/1104, 182, 1940
691, 2423, 2407/5520, 182, 1940
691, 2437, 807/1840, 182, 1942
691, 2441, 485/1104, 182, 1942
691, 2459, 2443/5520, 182, 1944
691, 2467, 817/1840, 182, 1944
691, 2503, 829/1840, 183, 1948
691, 2531, 503/1104, 183, 1952
691, 2539, 841/1840, 183, 1952
691, 2579, 2563/5520, 183, 1956
691, 2621, 521/1104, 183, 1960
691, 2671, 177/368, 183, 1964
691, 2683, 889/1840, 183, 1966
691, 2707, 39/80, 183, 1968
691, 2729, 2713/5520, 183, 1970
691, 2767, 917/1840, 183, 1974
691, 2777, 2761/5520, 183, 1974
691, 2819, 2803/5520, 183, 1978
691, 2879, 2863/5520, 183, 1984
691, 2897, 2881/5520, 183, 1984
691, 2917, 967/1840, 183, 1986
691, 2953, 979/1840, 183, 1990
691, 2969, 2953/5520, 183, 1990
691, 2971, 197/368, 183, 1992
691, 3001, 199/368, 183, 1994
691, 3041, 605/1104, 183, 1996
691, 3067, 1017/1840, 183, 2000
691, 3083, 3067/5520, 183, 2000
691, 3089, 3073/5520, 183, 2000
691, 3203, 3187/5520, 183, 2010
691, 3217, 1067/1840, 183, 2010
691, 3221, 641/1104, 183, 2012
691, 3257, 3241/5520, 183, 2014
691, 3271, 217/368, 183, 2016
691, 3319, 1101/1840, 183, 2018
691, 3343, 1109/1840, 183, 2020
691, 3359, 3343/5520, 183, 2022
691, 3373, 1119/1840, 183, 2022
691, 3433, 1139/1840, 182, 2028
691, 3449, 3433/5520, 183, 2028
691, 3467, 3451/5520, 183, 2030
691, 3499, 1161/1840, 182, 2032
691, 3511, 233/368, 182, 2032
691, 3529, 1171/1840, 182, 2034
691, 3541, 235/368, 182, 2034
691, 3547, 1177/1840, 182, 2036
691, 3581, 31/48, 182, 2038
691, 3613, 1199/1840, 182, 2040
691, 3631, 241/368, 182, 2042
691, 3697, 2/3, 181, 2046

701, 1901, 377/1120, 179, 1908
701, 1913, 271/800, 179, 1908
701, 1933, 1917/5600, 180, 1912
701, 1951, 387/1120, 180, 1914
701, 1973, 1957/5600, 180, 1916
701, 2011, 57/160, 181, 1922
701, 2017, 2001/5600, 181, 1922
701, 2053, 291/800, 181, 1926
701, 2063, 2047/5600, 181, 1928
701, 2069, 2053/5600, 182, 1928
701, 2089, 2073/5600, 182, 1932
701, 2111, 419/1120, 182, 1934
701, 2113, 2097/5600, 182, 1934
701, 2129, 2113/5600, 182, 1936
701, 2137, 303/800, 182, 1936
701, 2141, 85/224, 182, 1938
701, 2143, 2127/5600, 182, 1938
701, 2153, 2137/5600, 183, 1938
701, 2161, 429/1120, 183, 1940
701, 2239, 2223/5600, 183, 1948
701, 2251, 447/1120, 183, 1950
701, 2269, 2253/5600, 183, 1952
701, 2273, 2257/5600, 184, 1952
701, 2281, 453/1120, 184, 1954
701, 2293, 2277/5600, 184, 1954
701, 2297, 2281/5600, 184, 1954
701, 2309, 2293/5600, 184, 1956
701, 2339, 2323/5600, 184, 1960
701, 2341, 93/224, 184, 1960
701, 2347, 333/800, 184, 1960
701, 2351, 467/1120, 184, 1960
701, 2371, 471/1120, 184, 1962
701, 2377, 2361/5600, 184, 1964
701, 2381, 473/1120, 184, 1964
701, 2411, 479/1120, 185, 1968
701, 2437, 2421/5600, 185, 1970
701, 2447, 2431/5600, 185, 1970
701, 2531, 503/1120, 185, 1980
701, 2539, 2523/5600, 185, 1980
701, 2549, 2533/5600, 185, 1982
701, 2593, 2577/5600, 186, 1986
701, 2609, 2593/5600, 185, 1988
701, 2617, 2601/5600, 185, 1988
701, 2657, 2641/5600, 186, 1992
701, 2699, 2683/5600, 186, 1996
701, 2731, 543/1120, 186, 1998
701, 2749, 2733/5600, 186, 2000
701, 2753, 391/800, 186, 2000
701, 2767, 393/800, 186, 2002
701, 2777, 2761/5600, 186, 2002
701, 2789, 2773/5600, 186, 2004
701, 2801, 557/1120, 186, 2006
701, 2819, 2803/5600, 186, 2006
701, 2843, 2827/5600, 186, 2008
701, 2857, 2841/5600, 186, 2010
701, 2861, 569/1120, 186, 2010
701, 2909, 2893/5600, 186, 2014
701, 2927, 2911/5600, 186, 2016
701, 2953, 2937/5600, 186, 2018
701, 2999, 2983/5600, 186, 2022
701, 3001, 597/1120, 186, 2022
701, 3011, 599/1120, 186, 2024
701, 3067, 3051/5600, 186, 2028
701, 3079, 3063/5600, 187, 2028
701, 3089, 439/800, 186, 2030
701, 3109, 3093/5600, 186, 2032
701, 3137, 3121/5600, 186, 2034
701, 3217, 3201/5600, 186, 2040
701, 3221, 641/1120, 186, 2040
701, 3257, 463/800, 186, 2044
701, 3271, 93/160, 186, 2044
701, 3299, 469/800, 186, 2046
701, 3301, 657/1120, 186, 2046
701, 3343, 3327/5600, 186, 2050
701, 3413, 3397/5600, 186, 2054
701, 3457, 3441/5600, 185, 2058
701, 3467, 493/800, 185, 2058
701, 3491, 139/224, 186, 2060
701, 3517, 3501/5600, 185, 2062
701, 3539, 3523/5600, 185, 2064
701, 3571, 711/1120, 185, 2066
701, 3613, 3597/5600, 185, 2070
701, 3631, 723/1120, 185, 2070
701, 3671, 731/1120, 185, 2074
701, 3709, 3693/5600, 185, 2076
701, 3727, 3711/5600, 184, 2078
701, 3733, 531/800, 184, 2078
701, 3739, 3723/5600, 184, 2078

739, 1987, 219/656, 190, 2022
739, 1993, 659/1968, 190, 2024
739, 1997, 1981/5904, 190, 2024
739, 2011, 665/1968, 190, 2026
739, 2027, 2011/5904, 190, 2028
739, 2053, 679/1968, 191, 2032
739, 2063, 2047/5904, 191, 2032
739, 2161, 715/1968, 192, 2044
739, 2179, 721/1968, 192, 2048
739, 2203, 243/656, 192, 2050
739, 2239, 247/656, 193, 2054
739, 2251, 745/1968, 193, 2056
739, 2293, 253/656, 194, 2060
739, 2309, 2293/5904, 194, 2062
739, 2333, 2317/5904, 194, 2066
739, 2351, 2335/5904, 194, 2068
739, 2357, 2341/5904, 194, 2068
739, 2399, 2383/5904, 194, 2072
739, 2459, 2443/5904, 195, 2080
739, 2521, 835/1968, 195, 2086
739, 2531, 2515/5904, 196, 2086
739, 2539, 841/1968, 195, 2088
739, 2549, 2533/5904, 196, 2088
739, 2551, 845/1968, 196, 2088
739, 2579, 2563/5904, 196, 2092
739, 2591, 2575/5904, 196, 2094
739, 2609, 2593/5904, 196, 2094
739, 2621, 2605/5904, 196, 2096
739, 2647, 877/1968, 196, 2098
739, 2657, 2641/5904, 197, 2100
739, 2677, 887/1968, 196, 2102
739, 2689, 297/656, 197, 2102
739, 2693, 2677/5904, 197, 2104
739, 2699, 2683/5904, 197, 2104
739, 2707, 299/656, 197, 2104
739, 2711, 2695/5904, 197, 2106
739, 2741, 2725/5904, 197, 2108
739, 2753, 2737/5904, 197, 2110
739, 2767, 917/1968, 197, 2110
739, 2777, 2761/5904, 197, 2112
739, 2789, 2773/5904, 197, 2112
739, 2797, 309/656, 197, 2114
739, 2801, 2785/5904, 197, 2114
739, 2843, 2827/5904, 197, 2118
739, 2851, 315/656, 197, 2118
739, 2887, 319/656, 197, 2122
739, 2897, 2881/5904, 197, 2122
739, 2917, 967/1968, 197, 2124
739, 2939, 2923/5904, 197, 2126
739, 2963, 2947/5904, 197, 2128
739, 3067, 339/656, 198, 2138
739, 3079, 1021/1968, 197, 2140
739, 3119, 3103/5904, 197, 2142
739, 3121, 345/656, 198, 2142
739, 3209, 3193/5904, 197, 2150
739, 3229, 357/656, 198, 2152
739, 3253, 1079/1968, 197, 2154
739, 3331, 1105/1968, 198, 2160
739, 3347, 3331/5904, 197, 2162
739, 3359, 3343/5904, 197, 2162
739, 3371, 3355/5904, 198, 2164
739, 3433, 1139/1968, 198, 2168
739, 3449, 3433/5904, 197, 2170
739, 3457, 1147/1968, 197, 2170
739, 3461, 3445/5904, 197, 2170
739, 3463, 383/656, 197, 2170
739, 3499, 387/656, 197, 2174
739, 3511, 1165/1968, 197, 2174
739, 3529, 1171/1968, 197, 2176
739, 3539, 3523/5904, 197, 2176
739, 3541, 1175/1968, 197, 2176
739, 3571, 395/656, 197, 2178
739, 3593, 3577/5904, 197, 2180
739, 3637, 1207/1968, 197, 2184
739, 3659, 3643/5904, 197, 2184
739, 3671, 3655/5904, 197, 2186
739, 3767, 3751/5904, 196, 2192
739, 3793, 1259/1968, 197, 2194
739, 3833, 3817/5904, 196, 2198
739, 3853, 1279/1968, 196, 2198
739, 3863, 3847/5904, 196, 2200
739, 3877, 429/656, 196, 2200
739, 3943, 1309/1968, 196, 2204

751, 2039, 2023/6000, 194, 2062
751, 2081, 413/1200, 194, 2068
751, 2111, 419/1200, 194, 2072
751, 2131, 141/400, 195, 2074
751, 2161, 143/400, 195, 2078
751, 2179, 721/2000, 195, 2080
751, 2203, 729/2000, 195, 2084
751, 2213, 2197/6000, 196, 2084
751, 2237, 2221/6000, 196, 2088
751, 2251, 149/400, 196, 2090
751, 2267, 2251/6000, 196, 2090
751, 2281, 151/400, 197, 2092
751, 2297, 2281/6000, 197, 2094
751, 2341, 31/80, 197, 2100
751, 2389, 791/2000, 198, 2106
751, 2393, 2377/6000, 198, 2106
751, 2411, 479/1200, 198, 2108
751, 2417, 2401/6000, 198, 2108
751, 2423, 2407/6000, 198, 2108
751, 2477, 2461/6000, 198, 2114
751, 2521, 167/400, 199, 2120
751, 2539, 841/2000, 199, 2122
751, 2543, 2527/6000, 199, 2122
751, 2593, 859/2000, 200, 2128
751, 2617, 867/2000, 199, 2130
751, 2671, 177/400, 200, 2136
751, 2693, 2677/6000, 200, 2138
751, 2707, 897/2000, 200, 2138
751, 2749, 911/2000, 200, 2144
751, 2801, 557/1200, 200, 2148
751, 2803, 929/2000, 200, 2148
751, 2837, 2821/6000, 200, 2152
751, 2909, 2893/6000, 201, 2158
751, 2917, 967/2000, 201, 2160
751, 2927, 2911/6000, 201, 2160
751, 2939, 2923/6000, 201, 2162
751, 2957, 2941/6000, 201, 2162
751, 2971, 197/400, 201, 2164
751, 2999, 2983/6000, 201, 2166
751, 3019, 1001/2000, 201, 2168
751, 3061, 203/400, 201, 2172
751, 3067, 1017/2000, 201, 2172
751, 3083, 3067/6000, 201, 2174
751, 3137, 3121/6000, 201, 2178
751, 3163, 1049/2000, 201, 2182
751, 3181, 211/400, 201, 2182
751, 3209, 3193/6000, 201, 2184
751, 3217, 1067/2000, 201, 2186
751, 3257, 3241/6000, 201, 2188
751, 3373, 1119/2000, 201, 2198
751, 3413, 3397/6000, 201, 2202
751, 3457, 1147/2000, 201, 2206
751, 3491, 139/240, 201, 2208
751, 3499, 1161/2000, 201, 2208
751, 3517, 1167/2000, 201, 2210
751, 3541, 47/80, 201, 2212
751, 3559, 1181/2000, 201, 2212
751, 3581, 713/1200, 201, 2214
751, 3583, 1189/2000, 201, 2214
751, 3613, 1199/2000, 201, 2218
751, 3671, 731/1200, 201, 2222
751, 3739, 1241/2000, 201, 2226
751, 3767, 3751/6000, 200, 2228
751, 3769, 1251/2000, 200, 2228
751, 3779, 3763/6000, 200, 2230
751, 3851, 767/1200, 200, 2234
751, 3881, 773/1200, 200, 2236
751, 3919, 1301/2000, 200, 2240
751, 3947, 3931/6000, 200, 2240

773, 2083, 2067/6176, 200, 2128
773, 2089, 2073/6176, 200, 2130
773, 2099, 2083/6176, 200, 2130
773, 2111, 2095/6176, 200, 2132
773, 2113, 2097/6176, 200, 2132
773, 2129, 2113/6176, 200, 2134
773, 2137, 2121/6176, 200, 2136
773, 2153, 2137/6176, 201, 2138
773, 2161, 2145/6176, 201, 2138
773, 2203, 2187/6176, 201, 2144
773, 2207, 2191/6176, 201, 2144
773, 2221, 2205/6176, 201, 2146
773, 2239, 2223/6176, 202, 2148
773, 2243, 2227/6176, 202, 2150
773, 2267, 2251/6176, 202, 2152
773, 2269, 2253/6176, 202, 2152
773, 2287, 2271/6176, 202, 2154
773, 2297, 2281/6176, 202, 2156
773, 2311, 2295/6176, 203, 2158
773, 2339, 2323/6176, 203, 2160
773, 2341, 2325/6176, 203, 2162
773, 2347, 2331/6176, 203, 2162
773, 2351, 2335/6176, 203, 2162
773, 2371, 2355/6176, 203, 2164
773, 2389, 2373/6176, 204, 2166
773, 2393, 2377/6176, 204, 2168
773, 2399, 2383/6176, 203, 2168
773, 2411, 2395/6176, 204, 2170
773, 2417, 2401/6176, 204, 2170
773, 2441, 2425/6176, 204, 2172
773, 2447, 2431/6176, 204, 2174
773, 2477, 2461/6176, 204, 2176
773, 2531, 2515/6176, 205, 2182
773, 2539, 2523/6176, 205, 2184
773, 2549, 2533/6176, 205, 2184
773, 2593, 2577/6176, 205, 2190
773, 2609, 2593/6176, 205, 2192
773, 2617, 2601/6176, 205, 2192
773, 2621, 2605/6176, 205, 2192
773, 2633, 2617/6176, 205, 2194
773, 2657, 2641/6176, 206, 2196
773, 2659, 2643/6176, 206, 2196
773, 2671, 2655/6176, 206, 2198
773, 2677, 2661/6176, 206, 2198
773, 2687, 2671/6176, 206, 2200
773, 2693, 2677/6176, 206, 2200
773, 2711, 2695/6176, 206, 2202
773, 2713, 2697/6176, 206, 2202
773, 2729, 2713/6176, 206, 2204
773, 2749, 2733/6176, 206, 2206
773, 2753, 2737/6176, 207, 2206
773, 2767, 2751/6176, 206, 2208
773, 2801, 2785/6176, 207, 2212
773, 2819, 2803/6176, 207, 2212
773, 2833, 2817/6176, 207, 2214
773, 2843, 2827/6176, 207, 2216
773, 2857, 2841/6176, 207, 2216
773, 2897, 2881/6176, 207, 2220
773, 2909, 2893/6176, 207, 2222
773, 2917, 2901/6176, 207, 2222
773, 3019, 3003/6176, 207, 2232
773, 3037, 3021/6176, 207, 2234
773, 3041, 3025/6176, 207, 2234
773, 3049, 3033/6176, 207, 2234
773, 3061, 3045/6176, 208, 2236
773, 3079, 3063/6176, 207, 2238
773, 3089, 3073/6176, 208, 2238
773, 3119, 3103/6176, 208, 2242
773, 3121, 3105/6176, 208, 2242
773, 3137, 3121/6176, 208, 2242
773, 3163, 3147/6176, 207, 2246
773, 3167, 3151/6176, 207, 2246
773, 3169, 3153/6176, 208, 2246
773, 3181, 3165/6176, 208, 2246
773, 3203, 3187/6176, 208, 2248
773, 3209, 3193/6176, 208, 2250
773, 3217, 3201/6176, 208, 2250
773, 3259, 3243/6176, 208, 2254
773, 3299, 3283/6176, 208, 2256
773, 3301, 3285/6176, 208, 2256
773, 3313, 3297/6176, 208, 2258
773, 3329, 3313/6176, 208, 2260
773, 3331, 3315/6176, 208, 2260
773, 3371, 3355/6176, 208, 2262
773, 3389, 3373/6176, 208, 2264
773, 3433, 3417/6176, 208, 2268
773, 3461, 3445/6176, 208, 2270
773, 3491, 3475/6176, 208, 2272
773, 3511, 3495/6176, 208, 2274
773, 3527, 3511/6176, 208, 2276
773, 3539, 3523/6176, 208, 2276
773, 3547, 3531/6176, 208, 2276
773, 3557, 3541/6176, 208, 2278
773, 3559, 3543/6176, 208, 2278
773, 3581, 3565/6176, 208, 2280
773, 3607, 3591/6176, 208, 2282
773, 3613, 3597/6176, 208, 2282
773, 3623, 3607/6176, 208, 2282
773, 3659, 3643/6176, 208, 2286
773, 3671, 3655/6176, 208, 2286
773, 3673, 3657/6176, 208, 2286
773, 3691, 3675/6176, 207, 2288
773, 3697, 3681/6176, 207, 2288
773, 3701, 3685/6176, 207, 2288
773, 3727, 3711/6176, 207, 2290
773, 3733, 3717/6176, 207, 2292
773, 3767, 3751/6176, 207, 2294
773, 3793, 3777/6176, 207, 2296
773, 3823, 3807/6176, 207, 2298
773, 3833, 3817/6176, 207, 2298
773, 3847, 3831/6176, 207, 2300
773, 3853, 3837/6176, 207, 2300
773, 3863, 3847/6176, 207, 2300
773, 3877, 3861/6176, 207, 2302
773, 3907, 3891/6176, 207, 2304
773, 3917, 3901/6176, 207, 2304
773, 3943, 3927/6176, 207, 2306
773, 3989, 3973/6176, 207, 2310
773, 4001, 3985/6176, 206, 2310
773, 4003, 3987/6176, 206, 2310
773, 4027, 4011/6176, 206, 2312
773, 4051, 4035/6176, 206, 2314
773, 4057, 4041/6176, 206, 2314
773, 4073, 4057/6176, 206, 2316
773, 4091, 4075/6176, 206, 2316
773, 4111, 4095/6176, 206, 2318

797, 2161, 2145/6368, 207, 2206
797, 2179, 2163/6368, 207, 2208
797, 2203, 2187/6368, 207, 2210
797, 2213, 2197/6368, 208, 2212
797, 2243, 2227/6368, 208, 2216
797, 2267, 2251/6368, 208, 2220
797, 2269, 2253/6368, 208, 2220
797, 2287, 2271/6368, 208, 2222
797, 2293, 2277/6368, 209, 2222
797, 2309, 2293/6368, 209, 2224
797, 2311, 2295/6368, 209, 2224
797, 2341, 2325/6368, 209, 2228
797, 2357, 2341/6368, 209, 2230
797, 2371, 2355/6368, 209, 2232
797, 2383, 2367/6368, 209, 2234
797, 2389, 2373/6368, 210, 2234
797, 2393, 2377/6368, 210, 2234
797, 2399, 2383/6368, 209, 2236
797, 2411, 2395/6368, 210, 2236
797, 2417, 2401/6368, 210, 2238
797, 2423, 2407/6368, 210, 2238
797, 2441, 2425/6368, 210, 2240
797, 2467, 2451/6368, 211, 2244
797, 2473, 2457/6368, 211, 2244
797, 2477, 2461/6368, 211, 2244
797, 2503, 2487/6368, 211, 2248
797, 2539, 2523/6368, 211, 2252
797, 2579, 2563/6368, 212, 2256
797, 2591, 2575/6368, 212, 2258
797, 2609, 2593/6368, 212, 2260
797, 2621, 2605/6368, 212, 2260
797, 2633, 2617/6368, 212, 2262
797, 2657, 2641/6368, 212, 2264
797, 2671, 2655/6368, 212, 2266
797, 2677, 2661/6368, 212, 2266
797, 2693, 2677/6368, 212, 2268
797, 2699, 2683/6368, 212, 2270
797, 2707, 2691/6368, 213, 2270
797, 2711, 2695/6368, 213, 2270
797, 2713, 2697/6368, 212, 2270
797, 2719, 2703/6368, 212, 2272
797, 2729, 2713/6368, 213, 2272
797, 2731, 2715/6368, 213, 2272
797, 2749, 2733/6368, 213, 2274
797, 2753, 2737/6368, 213, 2274
797, 2777, 2761/6368, 213, 2278
797, 2789, 2773/6368, 213, 2278
797, 2797, 2781/6368, 213, 2280
797, 2833, 2817/6368, 214, 2284
797, 2837, 2821/6368, 214, 2284
797, 2843, 2827/6368, 214, 2284
797, 2857, 2841/6368, 213, 2286
797, 2861, 2845/6368, 213, 2286
797, 2879, 2863/6368, 214, 2288
797, 2887, 2871/6368, 214, 2288
797, 2903, 2887/6368, 214, 2290
797, 2909, 2893/6368, 214, 2290
797, 2917, 2901/6368, 214, 2292
797, 2927, 2911/6368, 214, 2292
797, 2969, 2953/6368, 214, 2296
797, 3041, 3025/6368, 214, 2304
797, 3049, 3033/6368, 214, 2304
797, 3083, 3067/6368, 214, 2308
797, 3109, 3093/6368, 215, 2310
797, 3137, 3121/6368, 215, 2312
797, 3169, 3153/6368, 215, 2316
797, 3181, 3165/6368, 215, 2316
797, 3191, 3175/6368, 215, 2318
797, 3217, 3201/6368, 215, 2320
797, 3221, 3205/6368, 215, 2320
797, 3251, 3235/6368, 215, 2322
797, 3253, 3237/6368, 215, 2322
797, 3271, 3255/6368, 215, 2324
797, 3301, 3285/6368, 215, 2328
797, 3307, 3291/6368, 215, 2328
797, 3313, 3297/6368, 215, 2328
797, 3359, 3343/6368, 215, 2332
797, 3361, 3345/6368, 215, 2332
797, 3371, 3355/6368, 215, 2334
797, 3389, 3373/6368, 215, 2334
797, 3407, 3391/6368, 215, 2336
797, 3433, 3417/6368, 215, 2338
797, 3449, 3433/6368, 215, 2340
797, 3457, 3441/6368, 215, 2340
797, 3467, 3451/6368, 215, 2342
797, 3469, 3453/6368, 215, 2342
797, 3511, 3495/6368, 215, 2344
797, 3529, 3513/6368, 215, 2346
797, 3533, 3517/6368, 215, 2346
797, 3539, 3523/6368, 215, 2348
797, 3581, 3565/6368, 215, 2350
797, 3593, 3577/6368, 215, 2352
797, 3607, 3591/6368, 215, 2352
797, 3617, 3601/6368, 215, 2354
797, 3623, 3607/6368, 215, 2354
797, 3631, 3615/6368, 215, 2354
797, 3659, 3643/6368, 215, 2356
797, 3671, 3655/6368, 215, 2358
797, 3677, 3661/6368, 215, 2358
797, 3697, 3681/6368, 215, 2360
797, 3719, 3703/6368, 215, 2362
797, 3733, 3717/6368, 215, 2362
797, 3767, 3751/6368, 215, 2364
797, 3779, 3763/6368, 215, 2366
797, 3793, 3777/6368, 215, 2366
797, 3797, 19/32, 215, 2368
797, 3823, 3807/6368, 214, 2370
797, 3847, 3831/6368, 215, 2370
797, 3851, 3835/6368, 215, 2372
797, 3853, 3837/6368, 215, 2372
797, 3863, 3847/6368, 215, 2372
797, 3877, 3861/6368, 214, 2374
797, 3881, 3865/6368, 214, 2374
797, 3943, 3927/6368, 214, 2378
797, 3967, 3951/6368, 214, 2380
797, 4003, 3987/6368, 214, 2382
797, 4007, 3991/6368, 214, 2382
797, 4013, 3997/6368, 214, 2384
797, 4019, 4003/6368, 214, 2384
797, 4027, 4011/6368, 214, 2384
797, 4057, 4041/6368, 214, 2386
797, 4073, 4057/6368, 214, 2388
797, 4093, 4077/6368, 214, 2388
797, 4099, 4083/6368, 214, 2390
797, 4127, 4111/6368, 214, 2392
797, 4133, 4117/6368, 214, 2392
797, 4153, 4137/6368, 213, 2392
797, 4159, 4143/6368, 213, 2394
797, 4177, 4161/6368, 213, 2394
797, 4219, 4203/6368, 213, 2398
797, 4259, 4243/6368, 213, 2400

809, 2179, 2163/6464, 210, 2242
809, 2207, 2191/6464, 210, 2244
809, 2213, 2197/6464, 210, 2246
809, 2221, 2205/6464, 210, 2246
809, 2239, 2223/6464, 210, 2248
809, 2251, 2235/6464, 211, 2250
809, 2273, 2257/6464, 212, 2254
809, 2293, 2277/6464, 212, 2256
809, 2309, 2293/6464, 212, 2258
809, 2311, 2295/6464, 212, 2258
809, 2333, 2317/6464, 212, 2260
809, 2339, 23/64, 212, 2262
809, 2393, 2377/6464, 213, 2268
809, 2521, 2505/6464, 214, 2284
809, 2543, 2527/6464, 214, 2286
809, 2551, 2535/6464, 214, 2288
809, 2591, 2575/6464, 214, 2292
809, 2593, 2577/6464, 215, 2292
809, 2633, 2617/6464, 215, 2296
809, 2647, 2631/6464, 215, 2298
809, 2659, 2643/6464, 215, 2300
809, 2663, 2647/6464, 215, 2300
809, 2689, 2673/6464, 216, 2302
809, 2699, 2683/6464, 216, 2304
809, 2711, 2695/6464, 216, 2304
809, 2713, 2697/6464, 216, 2304
809, 2729, 2713/6464, 216, 2306
809, 2741, 2725/6464, 216, 2308
809, 2753, 2737/6464, 216, 2310
809, 2767, 2751/6464, 216, 2310
809, 2789, 2773/6464, 216, 2312
809, 2797, 2781/6464, 216, 2314
809, 2803, 2787/6464, 217, 2314
809, 2833, 2817/6464, 217, 2318
809, 2837, 2821/6464, 217, 2318
809, 2851, 2835/6464, 217, 2320
809, 2861, 2845/6464, 217, 2320
809, 2897, 2881/6464, 217, 2324
809, 2903, 2887/6464, 217, 2324
809, 2909, 2893/6464, 217, 2326
809, 2953, 2937/6464, 217, 2330
809, 2957, 2941/6464, 217, 2330
809, 2963, 2947/6464, 218, 2330
809, 2969, 2953/6464, 217, 2332
809, 2971, 2955/6464, 217, 2332
809, 2999, 2983/6464, 218, 2334
809, 3001, 2985/6464, 218, 2334
809, 3019, 3003/6464, 218, 2336
809, 3041, 3025/6464, 218, 2338
809, 3079, 3063/6464, 218, 2342
809, 3083, 3067/6464, 218, 2342
809, 3089, 3073/6464, 218, 2342
809, 3137, 3121/6464, 218, 2348
809, 3167, 3151/6464, 218, 2350
809, 3169, 3153/6464, 218, 2350
809, 3181, 3165/6464, 218, 2352
809, 3209, 3193/6464, 218, 2354
809, 3221, 3205/6464, 218, 2354
809, 3251, 3235/6464, 218, 2358
809, 3253, 3237/6464, 218, 2358
809, 3257, 3241/6464, 218, 2358
809, 3307, 3291/6464, 219, 2362
809, 3313, 3297/6464, 219, 2364
809, 3319, 3303/6464, 219, 2364
809, 3343, 3327/6464, 219, 2366
809, 3371, 3355/6464, 219, 2368
809, 3373, 3357/6464, 219, 2368
809, 3389, 3373/6464, 219, 2370
809, 3391, 3375/6464, 219, 2370
809, 3433, 3417/6464, 219, 2374
809, 3457, 3441/6464, 219, 2376
809, 3463, 3447/6464, 219, 2376
809, 3499, 3483/6464, 219, 2380
809, 3511, 3495/6464, 219, 2380
809, 3527, 3511/6464, 219, 2382
809, 3529, 3513/6464, 219, 2382
809, 3539, 3523/6464, 219, 2382
809, 3559, 3543/6464, 219, 2384
809, 3571, 3555/6464, 219, 2386
809, 3581, 3565/6464, 219, 2386
809, 3607, 3591/6464, 219, 2388
809, 3613, 3597/6464, 219, 2388
809, 3617, 3601/6464, 219, 2388
809, 3659, 3643/6464, 219, 2392
809, 3709, 3693/6464, 219, 2396
809, 3719, 3703/6464, 219, 2396
809, 3733, 3717/6464, 219, 2398
809, 3739, 3723/6464, 219, 2398
809, 3761, 3745/6464, 219, 2400
809, 3767, 3751/6464, 219, 2400
809, 3769, 3753/6464, 219, 2400
809, 3797, 3781/6464, 218, 2402
809, 3833, 3817/6464, 219, 2406
809, 3847, 3831/6464, 218, 2406
809, 3853, 3837/6464, 218, 2408
809, 3877, 3861/6464, 218, 2408
809, 3881, 3865/6464, 218, 2410
809, 3889, 3873/6464, 219, 2410
809, 3907, 3891/6464, 218, 2412
809, 3911, 3895/6464, 218, 2412
809, 3929, 3913/6464, 218, 2412
809, 3931, 3915/6464, 218, 2414
809, 3967, 3951/6464, 218, 2416
809, 4003, 3987/6464, 218, 2418
809, 4021, 4005/6464, 218, 2420
809, 4051, 4035/6464, 218, 2422
809, 4057, 4041/6464, 218, 2422
809, 4079, 4063/6464, 217, 2424
809, 4093, 4077/6464, 218, 2424
809, 4099, 4083/6464, 218, 2426
809, 4127, 4111/6464, 218, 2428
809, 4129, 4113/6464, 218, 2428
809, 4133, 4117/6464, 217, 2428
809, 4139, 4123/6464, 217, 2428
809, 4153, 4137/6464, 217, 2430
809, 4159, 4143/6464, 217, 2430
809, 4201, 4185/6464, 217, 2432
809, 4211, 4195/6464, 217, 2434
809, 4243, 4227/6464, 217, 2436
809, 4259, 4243/6464, 217, 2436
809, 4261, 4245/6464, 217, 2436
809, 4273, 4257/6464, 217, 2438
809, 4283, 4267/6464, 217, 2438

811, 2179, 721/2160, 210, 2246
811, 2251, 149/432, 211, 2256
811, 2267, 2251/6480, 212, 2258
811, 2293, 253/720, 212, 2262
811, 2297, 2281/6480, 212, 2262
811, 2311, 17/48, 212, 2264
811, 2333, 2317/6480, 212, 2266
811, 2389, 791/2160, 213, 2274
811, 2399, 2383/6480, 213, 2274
811, 2503, 829/2160, 214, 2288
811, 2521, 167/432, 215, 2290
811, 2557, 847/2160, 215, 2294
811, 2593, 859/2160, 215, 2298
811, 2633, 2617/6480, 216, 2302
811, 2677, 887/2160, 216, 2306
811, 2749, 911/2160, 217, 2314
811, 2777, 2761/6480, 217, 2318
811, 2797, 103/240, 217, 2320
811, 2801, 557/1296, 217, 2320
811, 2803, 929/2160, 217, 2320
811, 2837, 2821/6480, 217, 2324
811, 2851, 7/16, 217, 2326
811, 2861, 569/1296, 217, 2326
811, 2879, 2863/6480, 217, 2328
811, 2887, 319/720, 218, 2328
811, 2909, 2893/6480, 218, 2332
811, 2963, 2947/6480, 218, 2336
811, 2969, 2953/6480, 218, 2336
811, 2999, 2983/6480, 218, 2340
811, 3011, 599/1296, 218, 2342
811, 3023, 3007/6480, 218, 2342
811, 3049, 337/720, 218, 2344
811, 3061, 203/432, 219, 2346
811, 3163, 1049/2160, 219, 2356
811, 3167, 3151/6480, 219, 2356
811, 3181, 211/432, 219, 2358
811, 3209, 3193/6480, 219, 2360
811, 3257, 3241/6480, 219, 2364
811, 3301, 73/144, 219, 2368
811, 3319, 367/720, 219, 2370
811, 3331, 221/432, 219, 2370
811, 3359, 3343/6480, 219, 2374
811, 3371, 671/1296, 219, 2374
811, 3373, 373/720, 219, 2374
811, 3391, 25/48, 219, 2376
811, 3461, 689/1296, 219, 2382
811, 3541, 235/432, 219, 2388
811, 3593, 3577/6480, 219, 2392
811, 3643, 403/720, 219, 2396
811, 3697, 409/720, 219, 2402
811, 3701, 737/1296, 219, 2402
811, 3733, 413/720, 219, 2404
811, 3761, 749/1296, 219, 2406
811, 3769, 139/240, 219, 2406
811, 3803, 3787/6480, 219, 2410
811, 3833, 3817/6480, 219, 2412
811, 3853, 1279/2160, 219, 2414
811, 3881, 773/1296, 219, 2416
811, 3889, 1291/2160, 219, 2416
811, 3919, 1301/2160, 219, 2418
811, 3989, 3973/6480, 219, 2424
811, 4013, 3997/6480, 219, 2426
811, 4019, 4003/6480, 219, 2426
811, 4021, 89/144, 219, 2426
811, 4049, 4033/6480, 219, 2428
811, 4073, 4057/6480, 218, 2430
811, 4127, 4111/6480, 218, 2434
811, 4133, 4117/6480, 218, 2434
811, 4157, 4141/6480, 218, 2436
811, 4217, 4201/6480, 218, 2440
811, 4241, 845/1296, 217, 2442
811, 4273, 473/720, 217, 2444
811, 4283, 4267/6480, 217, 2444
811, 4297, 1427/2160, 217, 2444
811, 4327, 479/720, 217, 2448
811, 4337, 2/3, 217, 2448
811, 4339, 2/3, 217, 2448

821, 2213, 2197/6560, 213, 2278
821, 2237, 2221/6560, 213, 2282
821, 2239, 2223/6560, 213, 2282
821, 2243, 2227/6560, 214, 2282
821, 2251, 447/1312, 214, 2284
821, 2273, 2257/6560, 214, 2286
821, 2287, 2271/6560, 214, 2288
821, 2311, 459/1312, 215, 2292
821, 2339, 2323/6560, 215, 2296
821, 2377, 2361/6560, 216, 2300
821, 2381, 473/1312, 215, 2300
821, 2389, 2373/6560, 216, 2302
821, 2393, 2377/6560, 216, 2302
821, 2411, 479/1312, 216, 2304
821, 2473, 2457/6560, 217, 2312
821, 2477, 2461/6560, 217, 2312
821, 2521, 501/1312, 217, 2318
821, 2531, 503/1312, 218, 2318
821, 2549, 2533/6560, 218, 2320
821, 2591, 515/1312, 218, 2326
821, 2609, 2593/6560, 218, 2328
821, 2621, 521/1312, 218, 2328
821, 2647, 2631/6560, 219, 2332
821, 2663, 2647/6560, 219, 2334
821, 2683, 2667/6560, 219, 2336
821, 2687, 2671/6560, 219, 2336
821, 2689, 2673/6560, 219, 2336
821, 2693, 2677/6560, 219, 2336
821, 2707, 2691/6560, 219, 2338
821, 2713, 2697/6560, 219, 2340
821, 2729, 2713/6560, 219, 2340
821, 2749, 2733/6560, 219, 2344
821, 2777, 2761/6560, 219, 2346
821, 2789, 2773/6560, 220, 2348
821, 2791, 555/1312, 220, 2348
821, 2801, 557/1312, 220, 2348
821, 2833, 2817/6560, 220, 2352
821, 2851, 567/1312, 220, 2354
821, 2857, 2841/6560, 220, 2354
821, 2861, 569/1312, 220, 2354
821, 2909, 2893/6560, 220, 2360
821, 2939, 2923/6560, 220, 2362
821, 2953, 2937/6560, 221, 2364
821, 2971, 591/1312, 221, 2366
821, 2999, 2983/6560, 221, 2368
821, 3001, 597/1312, 221, 2370
821, 3019, 3003/6560, 221, 2370
821, 3049, 3033/6560, 221, 2374
821, 3067, 3051/6560, 221, 2376
821, 3137, 3121/6560, 222, 2382
821, 3167, 3151/6560, 222, 2384
821, 3187, 3171/6560, 222, 2386
821, 3229, 3213/6560, 222, 2390
821, 3253, 3237/6560, 222, 2392
821, 3257, 3241/6560, 222, 2394
821, 3271, 651/1312, 222, 2394
821, 3299, 3283/6560, 222, 2398
821, 3301, 657/1312, 222, 2398
821, 3331, 663/1312, 222, 2400
821, 3343, 3327/6560, 222, 2400
821, 3371, 671/1312, 222, 2404
821, 3389, 3373/6560, 222, 2404
821, 3391, 675/1312, 222, 2406
821, 3413, 3397/6560, 222, 2408
821, 3457, 3441/6560, 222, 2410
821, 3463, 3447/6560, 222, 2412
821, 3511, 699/1312, 222, 2416
821, 3517, 3501/6560, 222, 2416
821, 3559, 3543/6560, 222, 2420
821, 3593, 3577/6560, 222, 2422
821, 3607, 3591/6560, 222, 2424
821, 3613, 3597/6560, 222, 2424
821, 3623, 3607/6560, 222, 2424
821, 3643, 3627/6560, 222, 2426
821, 3659, 3643/6560, 222, 2428
821, 3673, 3657/6560, 222, 2428
821, 3677, 3661/6560, 222, 2430
821, 3691, 735/1312, 222, 2430
821, 3697, 3681/6560, 222, 2430
821, 3709, 3693/6560, 222, 2432
821, 3739, 3723/6560, 222, 2434
821, 3761, 749/1312, 222, 2436
821, 3767, 3751/6560, 222, 2436
821, 3769, 3753/6560, 222, 2436
821, 3779, 3763/6560, 222, 2438
821, 3797, 3781/6560, 222, 2438
821, 3823, 3807/6560, 222, 2440
821, 3833, 3817/6560, 222, 2442
821, 3877, 3861/6560, 222, 2444
821, 3881, 773/1312, 222, 2446
821, 3917, 3901/6560, 222, 2448
821, 3919, 3903/6560, 222, 2448
821, 3929, 3913/6560, 222, 2448
821, 3947, 3931/6560, 222, 2450
821, 4003, 3987/6560, 222, 2454
821, 4007, 3991/6560, 222, 2454
821, 4019, 4003/6560, 222, 2456
821, 4021, 801/1312, 222, 2456
821, 4027, 4011/6560, 222, 2456
821, 4049, 4033/6560, 222, 2458
821, 4091, 815/1312, 222, 2460
821, 4093, 4077/6560, 222, 2460
821, 4157, 101/160, 221, 2466
821, 4229, 4213/6560, 221, 2470
821, 4231, 843/1312, 221, 2470
821, 4283, 4267/6560, 221, 2474
821, 4289, 4273/6560, 221, 2474
821, 4297, 4281/6560, 220, 2476
821, 4349, 4333/6560, 220, 2478
821, 4391, 2/3, 220, 2482

823, 2213, 2197/6576, 214, 2284
823, 2221, 735/2192, 214, 2286
823, 2243, 2227/6576, 214, 2288
823, 2273, 2257/6576, 215, 2292
823, 2311, 765/2192, 215, 2298
823, 2341, 775/2192, 216, 2302
823, 2399, 2383/6576, 216, 2308
823, 2417, 2401/6576, 217, 2310
823, 2437, 807/2192, 217, 2314
823, 2467, 817/2192, 217, 2316
823, 2549, 2533/6576, 218, 2326
823, 2591, 2575/6576, 218, 2332
823, 2633, 2617/6576, 219, 2336
823, 2657, 2641/6576, 219, 2338
823, 2671, 885/2192, 219, 2340
823, 2713, 899/2192, 220, 2344
823, 2719, 901/2192, 220, 2346
823, 2729, 2713/6576, 219, 2346
823, 2767, 917/2192, 220, 2350
823, 2797, 927/2192, 220, 2354
823, 2819, 2803/6576, 221, 2356
823, 2833, 939/2192, 221, 2358
823, 2851, 945/2192, 221, 2360
823, 2903, 2887/6576, 221, 2364
823, 2917, 967/2192, 221, 2366
823, 2927, 2911/6576, 221, 2368
823, 2969, 2953/6576, 221, 2372
823, 3011, 2995/6576, 222, 2376
823, 3019, 1001/2192, 222, 2376
823, 3041, 3025/6576, 222, 2378
823, 3067, 1017/2192, 222, 2382
823, 3089, 3073/6576, 222, 2384
823, 3109, 1031/2192, 222, 2386
823, 3203, 3187/6576, 222, 2394
823, 3257, 3241/6576, 222, 2400
823, 3259, 1081/2192, 222, 2400
823, 3271, 1085/2192, 223, 2400
823, 3299, 3283/6576, 223, 2402
823, 3391, 1125/2192, 223, 2412
823, 3449, 3433/6576, 223, 2416
823, 3457, 1147/2192, 223, 2416
823, 3463, 1149/2192, 223, 2418
823, 3499, 1161/2192, 223, 2420
823, 3529, 1171/2192, 223, 2422
823, 3539, 3523/6576, 223, 2424
823, 3541, 1175/2192, 223, 2424
823, 3557, 3541/6576, 223, 2426
823, 3613, 1199/2192, 223, 2430
823, 3623, 3607/6576, 223, 2430
823, 3631, 1205/2192, 223, 2432
823, 3643, 1209/2192, 223, 2432
823, 3659, 3643/6576, 223, 2434
823, 3677, 3661/6576, 223, 2436
823, 3691, 1225/2192, 223, 2436
823, 3697, 1227/2192, 223, 2436
823, 3709, 1231/2192, 223, 2438
823, 3727, 1237/2192, 223, 2440
823, 3793, 1259/2192, 223, 2444
823, 3833, 3817/6576, 223, 2448
823, 3851, 3835/6576, 223, 2448
823, 3877, 1287/2192, 223, 2450
823, 3881, 3865/6576, 223, 2452
823, 3889, 1291/2192, 223, 2452
823, 3911, 3895/6576, 223, 2454
823, 3919, 1301/2192, 223, 2454
823, 3947, 3931/6576, 222, 2456
823, 4001, 3985/6576, 222, 2460
823, 4013, 3997/6576, 222, 2460
823, 4049, 4033/6576, 222, 2464
823, 4079, 4063/6576, 222, 2466
823, 4099, 1361/2192, 222, 2468
823, 4111, 1365/2192, 222, 2468
823, 4129, 1371/2192, 222, 2470
823, 4139, 4123/6576, 222, 2470
823, 4153, 1379/2192, 222, 2472
823, 4159, 1381/2192, 222, 2472
823, 4231, 1405/2192, 222, 2476
823, 4241, 4225/6576, 222, 2478
823, 4271, 4255/6576, 221, 2480
823, 4297, 1427/2192, 221, 2482

857, 2309, 2293/6848, 224, 2392
857, 2311, 2295/6848, 224, 2392
857, 2341, 2325/6848, 224, 2396
857, 2347, 2331/6848, 224, 2398
857, 2389, 2373/6848, 225, 2402
857, 2393, 2377/6848, 225, 2404
857, 2411, 2395/6848, 225, 2406
857, 2423, 2407/6848, 225, 2406
857, 2437, 2421/6848, 226, 2408
857, 2441, 2425/6848, 226, 2410
857, 2459, 2443/6848, 226, 2412
857, 2477, 23/64, 226, 2414
857, 2503, 2487/6848, 226, 2416
857, 2531, 2515/6848, 227, 2420
857, 2543, 2527/6848, 227, 2422
857, 2549, 2533/6848, 227, 2422
857, 2551, 2535/6848, 227, 2422
857, 2557, 2541/6848, 227, 2424
857, 2591, 2575/6848, 227, 2428
857, 2593, 2577/6848, 227, 2428
857, 2609, 2593/6848, 228, 2430
857, 2647, 2631/6848, 228, 2434
857, 2659, 2643/6848, 228, 2436
857, 2683, 2667/6848, 228, 2438
857, 2689, 2673/6848, 228, 2440
857, 2707, 2691/6848, 229, 2442
857, 2719, 2703/6848, 228, 2442
857, 2731, 2715/6848, 229, 2444
857, 2749, 2733/6848, 229, 2446
857, 2753, 2737/6848, 229, 2446
857, 2797, 2781/6848, 229, 2452
857, 2801, 2785/6848, 229, 2452
857, 2833, 2817/6848, 230, 2456
857, 2843, 2827/6848, 230, 2456
857, 2857, 2841/6848, 230, 2458
857, 2861, 2845/6848, 230, 2458
857, 2897, 2881/6848, 230, 2462
857, 2917, 2901/6848, 231, 2464
857, 2927, 2911/6848, 230, 2466
857, 2953, 2937/6848, 231, 2468
857, 3001, 2985/6848, 231, 2472
857, 3019, 3003/6848, 231, 2474
857, 3023, 3007/6848, 231, 2476
857, 3037, 3021/6848, 231, 2476
857, 3049, 3033/6848, 231, 2478
857, 3061, 3045/6848, 231, 2480
857, 3079, 3063/6848, 231, 2480
857, 3109, 3093/6848, 231, 2484
857, 3119, 29/64, 231, 2484
857, 3121, 3105/6848, 232, 2486
857, 3137, 3121/6848, 232, 2486
857, 3163, 3147/6848, 232, 2490
857, 3181, 3165/6848, 232, 2490
857, 3191, 3175/6848, 232, 2492
857, 3209, 3193/6848, 232, 2494
857, 3253, 3237/6848, 232, 2498
857, 3257, 3241/6848, 232, 2498
857, 3271, 3255/6848, 232, 2500
857, 3299, 3283/6848, 232, 2502
857, 3301, 3285/6848, 232, 2502
857, 3313, 3297/6848, 233, 2504
857, 3323, 3307/6848, 233, 2504
857, 3329, 3313/6848, 233, 2504
857, 3359, 3343/6848, 233, 2508
857, 3361, 3345/6848, 233, 2508
857, 3389, 3373/6848, 233, 2510
857, 3391, 3375/6848, 233, 2510
857, 3433, 3417/6848, 233, 2514
857, 3467, 3451/6848, 233, 2518
857, 3491, 3475/6848, 233, 2520
857, 3517, 3501/6848, 233, 2522
857, 3527, 3511/6848, 233, 2522
857, 3533, 3517/6848, 233, 2524
857, 3541, 3525/6848, 233, 2524
857, 3557, 3541/6848, 233, 2526
857, 3559, 3543/6848, 233, 2526
857, 3571, 3555/6848, 233, 2526
857, 3581, 3565/6848, 233, 2528
857, 3583, 3567/6848, 233, 2528
857, 3593, 3577/6848, 233, 2528
857, 3631, 3615/6848, 233, 2532
857, 3643, 3627/6848, 233, 2532
857, 3659, 3643/6848, 233, 2534
857, 3671, 3655/6848, 233, 2536
857, 3673, 3657/6848, 233, 2536
857, 3677, 3661/6848, 233, 2536
857, 3697, 3681/6848, 233, 2538
857, 3719, 3703/6848, 233, 2540
857, 3733, 3717/6848, 233, 2540
857, 3761, 35/64, 234, 2542
857, 3769, 3753/6848, 233, 2544
857, 3793, 3777/6848, 233, 2546
857, 3823, 3807/6848, 233, 2548
857, 3833, 3817/6848, 233, 2548
857, 3847, 3831/6848, 233, 2550
857, 3851, 3835/6848, 233, 2550
857, 3853, 3837/6848, 233, 2550
857, 3889, 3873/6848, 233, 2552
857, 3919, 3903/6848, 233, 2556
857, 3929, 3913/6848, 233, 2556
857, 3943, 3927/6848, 233, 2558
857, 3967, 3951/6848, 233, 2560
857, 3989, 3973/6848, 233, 2560
857, 4007, 3991/6848, 233, 2562
857, 4013, 3997/6848, 233, 2562
857, 4027, 4011/6848, 233, 2564
857, 4049, 4033/6848, 233, 2566
857, 4093, 4077/6848, 233, 2568
857, 4099, 4083/6848, 233, 2570
857, 4111, 4095/6848, 233, 2570
857, 4129, 4113/6848, 233, 2572
857, 4133, 4117/6848, 233, 2572
857, 4159, 4143/6848, 233, 2574
857, 4177, 4161/6848, 233, 2576
857, 4211, 4195/6848, 233, 2578
857, 4217, 4201/6848, 233, 2578
857, 4229, 4213/6848, 233, 2578
857, 4231, 4215/6848, 233, 2580
857, 4241, 4225/6848, 232, 2580
857, 4261, 4245/6848, 232, 2582
857, 4271, 4255/6848, 232, 2582
857, 4273, 4257/6848, 232, 2582
857, 4297, 4281/6848, 232, 2584
857, 4339, 4323/6848, 232, 2586
857, 4363, 4347/6848, 232, 2588
857, 4373, 4357/6848, 232, 2590
857, 4397, 4381/6848, 232, 2590
857, 4421, 4405/6848, 232, 2592
857, 4423, 4407/6848, 232, 2592
857, 4441, 4425/6848, 231, 2594
857, 4463, 4447/6848, 232, 2596
857, 4483, 4467/6848, 231, 2596
857, 4547, 4531/6848, 231, 2602
857, 4561, 4545/6848, 231, 2602

859, 2311, 765/2288, 224, 2398
859, 2333, 2317/6864, 224, 2400
859, 2341, 775/2288, 224, 2402
859, 2381, 215/624, 225, 2408
859, 2383, 789/2288, 225, 2408
859, 2393, 2377/6864, 225, 2408
859, 2399, 2383/6864, 225, 2410
859, 2411, 2395/6864, 225, 2410
859, 2423, 2407/6864, 226, 2412
859, 2437, 807/2288, 226, 2414
859, 2579, 233/624, 228, 2432
859, 2591, 2575/6864, 228, 2434
859, 2609, 2593/6864, 228, 2436
859, 2617, 867/2288, 228, 2436
859, 2621, 2605/6864, 228, 2436
859, 2647, 877/2288, 229, 2440
859, 2659, 881/2288, 229, 2442
859, 2671, 885/2288, 229, 2442
859, 2699, 2683/6864, 229, 2446
859, 2719, 901/2288, 229, 2448
859, 2753, 2737/6864, 229, 2452
859, 2777, 251/624, 230, 2454
859, 2797, 927/2288, 230, 2456
859, 2819, 2803/6864, 230, 2460
859, 2879, 2863/6864, 231, 2466
859, 2887, 87/208, 231, 2466
859, 2903, 2887/6864, 231, 2468
859, 2939, 2923/6864, 231, 2472
859, 2953, 89/208, 231, 2474
859, 2969, 2953/6864, 231, 2476
859, 3001, 995/2288, 231, 2478
859, 3023, 3007/6864, 231, 2480
859, 3037, 1007/2288, 231, 2482
859, 3067, 1017/2288, 232, 2486
859, 3083, 3067/6864, 232, 2488
859, 3109, 1031/2288, 232, 2490
859, 3119, 3103/6864, 232, 2490
859, 3121, 1035/2288, 232, 2490
859, 3191, 3175/6864, 233, 2498
859, 3221, 3205/6864, 233, 2500
859, 3257, 3241/6864, 233, 2504
859, 3271, 1085/2288, 233, 2506
859, 3299, 3283/6864, 233, 2508
859, 3319, 1101/2288, 233, 2510
859, 3371, 305/624, 233, 2514
859, 3373, 1119/2288, 233, 2514
859, 3389, 3373/6864, 233, 2516
859, 3491, 3475/6864, 234, 2526
859, 3533, 3517/6864, 234, 2530
859, 3541, 1175/2288, 234, 2530
859, 3571, 1185/2288, 234, 2532
859, 3583, 1189/2288, 234, 2534
859, 3593, 3577/6864, 234, 2534
859, 3613, 109/208, 234, 2536
859, 3623, 3607/6864, 234, 2538
859, 3643, 93/176, 234, 2538
859, 3673, 1219/2288, 234, 2542
859, 3719, 3703/6864, 234, 2546
859, 3793, 1259/2288, 234, 2552
859, 3847, 1277/2288, 234, 2556
859, 3917, 3901/6864, 234, 2562
859, 3943, 119/208, 234, 2564
859, 4001, 3985/6864, 234, 2568
859, 4013, 3997/6864, 234, 2568
859, 4049, 4033/6864, 234, 2572
859, 4051, 1345/2288, 234, 2572
859, 4093, 1359/2288, 234, 2574
859, 4099, 1361/2288, 234, 2576
859, 4111, 105/176, 233, 2576
859, 4129, 1371/2288, 233, 2578
859, 4241, 325/528, 233, 2586
859, 4243, 1409/2288, 233, 2586
859, 4271, 4255/6864, 233, 2588
859, 4273, 129/208, 233, 2588
859, 4297, 1427/2288, 233, 2590
859, 4327, 1437/2288, 233, 2592
859, 4339, 131/208, 233, 2592
859, 4357, 1447/2288, 233, 2594
859, 4409, 4393/6864, 232, 2598
859, 4423, 113/176, 232, 2598
859, 4451, 4435/6864, 232, 2600
859, 4517, 4501/6864, 232, 2606
859, 4549, 1511/2288, 232, 2608
859, 4597, 2/3, 231, 2610

881, 2371, 471/1408, 231, 2468
881, 2381, 43/128, 231, 2468
881, 2389, 2373/7040, 231, 2470
881, 2437, 2421/7040, 231, 2476
881, 2441, 485/1408, 231, 2476
881, 2473, 2457/7040, 232, 2480
881, 2549, 2533/7040, 233, 2490
881, 2551, 507/1408, 233, 2490
881, 2609, 2593/7040, 234, 2498
881, 2657, 2641/7040, 234, 2504
881, 2671, 531/1408, 234, 2506
881, 2677, 2661/7040, 235, 2506
881, 2689, 243/640, 235, 2508
881, 2699, 2683/7040, 235, 2508
881, 2713, 2697/7040, 235, 2510
881, 2749, 2733/7040, 235, 2514
881, 2797, 2781/7040, 236, 2520
881, 2879, 2863/7040, 236, 2530
881, 2897, 2881/7040, 237, 2532
881, 2953, 267/640, 237, 2538
881, 3011, 599/1408, 237, 2544
881, 3019, 273/640, 237, 2544
881, 3041, 55/128, 238, 2546
881, 3067, 3051/7040, 238, 2550
881, 3121, 621/1408, 238, 2554
881, 3187, 3171/7040, 239, 2562
881, 3203, 3187/7040, 239, 2562
881, 3229, 3213/7040, 239, 2566
881, 3259, 3243/7040, 239, 2568
881, 3271, 651/1408, 239, 2570
881, 3323, 3307/7040, 239, 2574
881, 3329, 3313/7040, 239, 2576
881, 3343, 3327/7040, 239, 2576
881, 3359, 3343/7040, 239, 2578
881, 3361, 669/1408, 240, 2578
881, 3373, 3357/7040, 240, 2580
881, 3391, 675/1408, 239, 2582
881, 3413, 3397/7040, 240, 2584
881, 3433, 3417/7040, 240, 2584
881, 3461, 689/1408, 240, 2588
881, 3467, 3451/7040, 240, 2588
881, 3527, 3511/7040, 240, 2594
881, 3539, 3523/7040, 240, 2594
881, 3541, 705/1408, 240, 2594
881, 3547, 321/640, 240, 2596
881, 3559, 3543/7040, 240, 2596
881, 3581, 713/1408, 240, 2598
881, 3583, 3567/7040, 240, 2598
881, 3637, 3621/7040, 240, 2604
881, 3671, 731/1408, 241, 2606
881, 3673, 3657/7040, 240, 2606
881, 3691, 735/1408, 240, 2608
881, 3719, 3703/7040, 240, 2610
881, 3793, 3777/7040, 241, 2616
881, 3821, 761/1408, 240, 2618
881, 3823, 3807/7040, 240, 2620
881, 3847, 3831/7040, 241, 2622
881, 3877, 351/640, 241, 2624
881, 3889, 3873/7040, 241, 2624
881, 3907, 3891/7040, 240, 2626
881, 3919, 3903/7040, 240, 2626
881, 3947, 3931/7040, 241, 2630
881, 4001, 797/1408, 241, 2634
881, 4003, 3987/7040, 240, 2634
881, 4007, 3991/7040, 240, 2634
881, 4021, 801/1408, 240, 2636
881, 4099, 4083/7040, 241, 2642
881, 4111, 819/1408, 240, 2642
881, 4133, 4117/7040, 240, 2644
881, 4157, 4141/7040, 240, 2646
881, 4159, 4143/7040, 240, 2646
881, 4177, 4161/7040, 240, 2648
881, 4217, 4201/7040, 240, 2650
881, 4273, 387/640, 240, 2654
881, 4289, 4273/7040, 240, 2656
881, 4349, 4333/7040, 240, 2660
881, 4391, 875/1408, 239, 2664
881, 4451, 887/1408, 239, 2668
881, 4463, 4447/7040, 239, 2668
881, 4561, 909/1408, 239, 2676
881, 4621, 921/1408, 239, 2680
881, 4651, 927/1408, 239, 2682

907, 2437, 807/2416, 238, 2550
907, 2459, 2443/7248, 238, 2552
907, 2467, 817/2416, 238, 2554
907, 2473, 819/2416, 238, 2554
907, 2539, 841/2416, 239, 2562
907, 2591, 2575/7248, 240, 2570
907, 2663, 2647/7248, 241, 2578
907, 2699, 2683/7248, 241, 2582
907, 2741, 2725/7248, 242, 2588
907, 2749, 911/2416, 242, 2588
907, 2753, 2737/7248, 242, 2590
907, 2767, 917/2416, 242, 2590
907, 2789, 2773/7248, 242, 2594
907, 2791, 925/2416, 242, 2594
907, 2803, 929/2416, 243, 2596
907, 2819, 2803/7248, 243, 2596
907, 2897, 2881/7248, 244, 2606
907, 2909, 2893/7248, 244, 2608
907, 2939, 2923/7248, 244, 2610
907, 2963, 2947/7248, 244, 2614
907, 2999, 2983/7248, 244, 2618
907, 3001, 995/2416, 244, 2618
907, 3011, 2995/7248, 245, 2618
907, 3041, 3025/7248, 245, 2622
907, 3049, 1011/2416, 245, 2622
907, 3137, 3121/7248, 246, 2632
907, 3169, 1051/2416, 246, 2636
907, 3181, 1055/2416, 246, 2636
907, 3221, 3205/7248, 246, 2640
907, 3253, 1079/2416, 246, 2644
907, 3299, 3283/7248, 247, 2648
907, 3323, 3307/7248, 246, 2650
907, 3329, 3313/7248, 247, 2652
907, 3347, 3331/7248, 247, 2654
907, 3359, 3343/7248, 247, 2654
907, 3371, 3355/7248, 247, 2656
907, 3389, 3373/7248, 247, 2658
907, 3391, 1125/2416, 247, 2658
907, 3413, 3397/7248, 247, 2660
907, 3433, 1139/2416, 247, 2662
907, 3457, 1147/2416, 248, 2664
907, 3511, 1165/2416, 247, 2668
907, 3539, 3523/7248, 248, 2672
907, 3541, 1175/2416, 248, 2672
907, 3547, 1177/2416, 247, 2672
907, 3557, 3541/7248, 248, 2672
907, 3593, 3577/7248, 248, 2676
907, 3631, 1205/2416, 248, 2680
907, 3659, 3643/7248, 248, 2682
907, 3671, 3655/7248, 248, 2684
907, 3673, 1219/2416, 248, 2684
907, 3691, 1225/2416, 248, 2684
907, 3697, 1227/2416, 248, 2686
907, 3701, 3685/7248, 248, 2686
907, 3719, 3703/7248, 248, 2688
907, 3727, 1237/2416, 248, 2688
907, 3733, 1239/2416, 248, 2688
907, 3761, 3745/7248, 248, 2692
907, 3779, 3763/7248, 248, 2692
907, 3851, 3835/7248, 248, 2698
907, 3907, 1297/2416, 248, 2704
907, 4001, 3985/7248, 248, 2712
907, 4007, 3991/7248, 248, 2712
907, 4019, 4003/7248, 248, 2712
907, 4051, 1345/2416, 248, 2716
907, 4073, 4057/7248, 248, 2718
907, 4079, 4063/7248, 248, 2718
907, 4091, 4075/7248, 248, 2718
907, 4093, 9/16, 248, 2718
907, 4177, 1387/2416, 248, 2726
907, 4201, 1395/2416, 248, 2728
907, 4217, 4201/7248, 248, 2728
907, 4229, 4213/7248, 248, 2730
907, 4231, 1405/2416, 248, 2730
907, 4273, 1419/2416, 248, 2732
907, 4397, 4381/7248, 248, 2742
907, 4409, 4393/7248, 248, 2744
907, 4421, 4405/7248, 248, 2744
907, 4441, 1475/2416, 248, 2746
907, 4451, 4435/7248, 248, 2746
907, 4457, 4441/7248, 248, 2746
907, 4481, 4465/7248, 248, 2748
907, 4483, 1489/2416, 248, 2748
907, 4513, 1499/2416, 247, 2750
907, 4519, 1501/2416, 247, 2752
907, 4567, 1517/2416, 248, 2754
907, 4583, 4567/7248, 247, 2756
907, 4603, 1529/2416, 247, 2758
907, 4637, 4621/7248, 247, 2760
907, 4639, 1541/2416, 247, 2760
907, 4643, 4627/7248, 247, 2760
907, 4663, 1549/2416, 247, 2762
907, 4691, 4675/7248, 247, 2764
907, 4721, 4705/7248, 247, 2766
907, 4723, 1569/2416, 247, 2766
907, 4793, 4777/7248, 246, 2770
907, 4799, 4783/7248, 246, 2770
907, 4813, 1599/2416, 246, 2772
907, 4817, 4801/7248, 246, 2772

929, 2521, 2505/7424, 244, 2622
929, 2539, 87/256, 245, 2624
929, 2551, 2535/7424, 245, 2626
929, 2579, 2563/7424, 245, 2630
929, 2593, 2577/7424, 246, 2632
929, 2633, 2617/7424, 246, 2638
929, 2647, 2631/7424, 246, 2638
929, 2657, 2641/7424, 247, 2640
929, 2663, 2647/7424, 247, 2640
929, 2683, 2667/7424, 247, 2644
929, 2719, 2703/7424, 247, 2648
929, 2731, 2715/7424, 247, 2650
929, 2753, 2737/7424, 248, 2652
929, 2801, 2785/7424, 248, 2658
929, 2843, 2827/7424, 249, 2662
929, 2857, 2841/7424, 249, 2664
929, 2917, 2901/7424, 249, 2672
929, 2927, 2911/7424, 249, 2672
929, 3001, 2985/7424, 251, 2680
929, 3011, 2995/7424, 250, 2682
929, 3023, 3007/7424, 250, 2684
929, 3041, 3025/7424, 251, 2686
929, 3067, 3051/7424, 251, 2688
929, 3079, 3063/7424, 251, 2690
929, 3089, 3073/7424, 251, 2690
929, 3109, 3093/7424, 251, 2692
929, 3137, 3121/7424, 252, 2696
929, 3169, 3153/7424, 252, 2700
929, 3181, 3165/7424, 252, 2700
929, 3203, 3187/7424, 252, 2702
929, 3209, 3193/7424, 252, 2704
929, 3217, 3201/7424, 252, 2704
929, 3253, 3237/7424, 252, 2708
929, 3259, 3243/7424, 252, 2708
929, 3307, 3291/7424, 253, 2714
929, 3319, 3303/7424, 253, 2714
929, 3323, 3307/7424, 253, 2714
929, 3329, 3313/7424, 253, 2716
929, 3331, 3315/7424, 253, 2716
929, 3343, 3327/7424, 253, 2718
929, 3347, 3331/7424, 253, 2718
929, 3359, 3343/7424, 253, 2718
929, 3371, 3355/7424, 253, 2720
929, 3373, 3357/7424, 253, 2720
929, 3391, 3375/7424, 253, 2722
929, 3407, 3391/7424, 253, 2724
929, 3413, 3397/7424, 253, 2724
929, 3433, 3417/7424, 253, 2726
929, 3449, 3433/7424, 253, 2728
929, 3457, 3441/7424, 253, 2728
929, 3467, 119/256, 253, 2730
929, 3469, 3453/7424, 253, 2730
929, 3511, 3495/7424, 254, 2734
929, 3517, 3501/7424, 254, 2734
929, 3529, 3513/7424, 254, 2736
929, 3533, 3517/7424, 254, 2736
929, 3541, 3525/7424, 254, 2736
929, 3557, 3541/7424, 254, 2738
929, 3581, 3565/7424, 254, 2740
929, 3583, 123/256, 254, 2740
929, 3607, 3591/7424, 254, 2742
929, 3631, 3615/7424, 254, 2744
929, 3637, 3621/7424, 254, 2746
929, 3643, 3627/7424, 254, 2746
929, 3659, 3643/7424, 254, 2748
929, 3673, 3657/7424, 254, 2748
929, 3701, 3685/7424, 254, 2752
929, 3709, 3693/7424, 254, 2752
929, 3719, 3703/7424, 255, 2752
929, 3733, 3717/7424, 254, 2754
929, 3779, 3763/7424, 255, 2758
929, 3793, 3777/7424, 255, 2760
929, 3803, 3787/7424, 255, 2760
929, 3823, 3807/7424, 255, 2762
929, 3833, 3817/7424, 255, 2762
929, 3851, 3835/7424, 255, 2764
929, 3863, 3847/7424, 255, 2766
929, 3877, 3861/7424, 255, 2766
929, 3881, 3865/7424, 255, 2766
929, 3907, 3891/7424, 255, 2770
929, 3919, 3903/7424, 255, 2770
929, 3929, 3913/7424, 255, 2772
929, 3931, 135/256, 255, 2772
929, 3967, 3951/7424, 255, 2774
929, 4001, 3985/7424, 255, 2778
929, 4019, 4003/7424, 255, 2778
929, 4027, 4011/7424, 255, 2780
929, 4051, 4035/7424, 255, 2782
929, 4057, 4041/7424, 255, 2782
929, 4073, 4057/7424, 255, 2784
929, 4079, 4063/7424, 255, 2784
929, 4091, 4075/7424, 255, 2784
929, 4093, 4077/7424, 255, 2784
929, 4099, 4083/7424, 255, 2786
929, 4111, 4095/7424, 255, 2786
929, 4127, 4111/7424, 255, 2788
929, 4159, 4143/7424, 255, 2790
929, 4177, 4161/7424, 255, 2792
929, 4201, 4185/7424, 255, 2794
929, 4217, 4201/7424, 255, 2794
929, 4219, 4203/7424, 255, 2794
929, 4229, 4213/7424, 255, 2796
929, 4261, 4245/7424, 255, 2798
929, 4271, 4255/7424, 255, 2800
929, 4283, 4267/7424, 255, 2800
929, 4297, 4281/7424, 255, 2802
929, 4327, 4311/7424, 255, 2804
929, 4337, 149/256, 255, 2804
929, 4339, 4323/7424, 255, 2804
929, 4363, 4347/7424, 255, 2806
929, 4373, 4357/7424, 255, 2806
929, 4391, 4375/7424, 255, 2808
929, 4397, 4381/7424, 255, 2808
929, 4409, 4393/7424, 255, 2810
929, 4421, 4405/7424, 255, 2810
929, 4423, 4407/7424, 255, 2810
929, 4451, 4435/7424, 255, 2812
929, 4481, 4465/7424, 255, 2816
929, 4507, 4491/7424, 254, 2818
929, 4513, 4497/7424, 254, 2818
929, 4519, 4503/7424, 254, 2818
929, 4549, 4533/7424, 255, 2820
929, 4583, 4567/7424, 254, 2822
929, 4591, 4575/7424, 254, 2824
929, 4597, 4581/7424, 254, 2824
929, 4621, 4605/7424, 254, 2826
929, 4639, 4623/7424, 254, 2826
929, 4651, 4635/7424, 254, 2828
929, 4657, 4641/7424, 254, 2828
929, 4673, 4657/7424, 254, 2830
929, 4679, 4663/7424, 254, 2830
929, 4759, 4743/7424, 253, 2836
929, 4783, 4767/7424, 254, 2836
929, 4799, 4783/7424, 254, 2838
929, 4817, 4801/7424, 253, 2840
929, 4861, 4845/7424, 253, 2842
929, 4909, 4893/7424, 253, 2846
929, 4931, 4915/7424, 253, 2848
929, 4937, 4921/7424, 253, 2848
929, 4951, 4935/7424, 253, 2848
929, 4967, 2/3, 253, 2850

941, 2549, 2533/7520, 248, 2660
941, 2551, 507/1504, 248, 2660
941, 2557, 2541/7520, 248, 2662
941, 2579, 2563/7520, 248, 2664
941, 2591, 515/1504, 248, 2666
941, 2609, 2593/7520, 249, 2668
941, 2617, 2601/7520, 249, 2670
941, 2647, 2631/7520, 249, 2672
941, 2657, 2641/7520, 250, 2674
941, 2663, 2647/7520, 250, 2676
941, 2677, 2661/7520, 250, 2676
941, 2699, 2683/7520, 250, 2680
941, 2729, 2713/7520, 251, 2684
941, 2731, 543/1504, 250, 2684
941, 2741, 545/1504, 251, 2684
941, 2749, 2733/7520, 251, 2686
941, 2833, 2817/7520, 252, 2696
941, 2851, 567/1504, 252, 2698
941, 2897, 2881/7520, 253, 2704
941, 2909, 2893/7520, 253, 2704
941, 2917, 2901/7520, 253, 2706
941, 2969, 2953/7520, 253, 2712
941, 2999, 2983/7520, 253, 2716
941, 3023, 3007/7520, 254, 2718
941, 3037, 3021/7520, 254, 2720
941, 3061, 609/1504, 254, 2722
941, 3067, 3051/7520, 254, 2722
941, 3083, 3067/7520, 254, 2724
941, 3089, 3073/7520, 254, 2726
941, 3109, 3093/7520, 255, 2728
941, 3119, 3103/7520, 255, 2728
941, 3121, 621/1504, 255, 2728
941, 3137, 3121/7520, 255, 2730
941, 3163, 3147/7520, 255, 2734
941, 3167, 3151/7520, 255, 2734
941, 3181, 633/1504, 255, 2736
941, 3191, 635/1504, 255, 2736
941, 3221, 641/1504, 256, 2740
941, 3253, 3237/7520, 256, 2742
941, 3257, 3241/7520, 256, 2744
941, 3259, 69/160, 256, 2744
941, 3271, 651/1504, 256, 2744
941, 3319, 3303/7520, 256, 2750
941, 3329, 3313/7520, 256, 2750
941, 3347, 3331/7520, 256, 2752
941, 3389, 3373/7520, 256, 2756
941, 3391, 675/1504, 256, 2756
941, 3407, 3391/7520, 257, 2758
941, 3449, 3433/7520, 257, 2762
941, 3457, 3441/7520, 257, 2764
941, 3463, 3447/7520, 257, 2764
941, 3469, 3453/7520, 257, 2764
941, 3491, 695/1504, 257, 2766
941, 3527, 3511/7520, 257, 2770
941, 3533, 3517/7520, 257, 2770
941, 3593, 3577/7520, 258, 2776
941, 3613, 3597/7520, 258, 2778
941, 3623, 3607/7520, 258, 2780
941, 3677, 3661/7520, 258, 2784
941, 3697, 3681/7520, 258, 2786
941, 3701, 737/1504, 258, 2786
941, 3733, 3717/7520, 258, 2790
941, 3761, 749/1504, 258, 2792
941, 3767, 3751/7520, 258, 2792
941, 3823, 81/160, 258, 2798
941, 3851, 767/1504, 258, 2800
941, 3853, 3837/7520, 258, 2800
941, 3863, 3847/7520, 258, 2802
941, 3877, 3861/7520, 258, 2802
941, 3881, 773/1504, 258, 2802
941, 3919, 3903/7520, 258, 2806
941, 3923, 3907/7520, 258, 2806
941, 3967, 3951/7520, 258, 2810
941, 4001, 797/1504, 258, 2814
941, 4003, 3987/7520, 258, 2814
941, 4013, 3997/7520, 258, 2814
941, 4021, 801/1504, 259, 2814
941, 4027, 4011/7520, 259, 2816
941, 4051, 807/1504, 258, 2818
941, 4073, 4057/7520, 259, 2820
941, 4079, 4063/7520, 259, 2820
941, 4093, 4077/7520, 259, 2820
941, 4099, 4083/7520, 258, 2822
941, 4111, 819/1504, 258, 2822
941, 4127, 4111/7520, 259, 2824
941, 4139, 4123/7520, 259, 2824
941, 4253, 4237/7520, 258, 2834
941, 4259, 4243/7520, 259, 2834
941, 4271, 851/1504, 259, 2836
941, 4273, 4257/7520, 259, 2836
941, 4327, 4311/7520, 259, 2840
941, 4337, 4321/7520, 259, 2840
941, 4339, 4323/7520, 259, 2840
941, 4349, 4333/7520, 258, 2842
941, 4357, 4341/7520, 258, 2842
941, 4391, 875/1504, 259, 2844
941, 4409, 4393/7520, 258, 2846
941, 4441, 885/1504, 258, 2848
941, 4463, 4447/7520, 258, 2850
941, 4513, 4497/7520, 258, 2854
941, 4519, 4503/7520, 258, 2854
941, 4547, 4531/7520, 258, 2856
941, 4567, 4551/7520, 258, 2858
941, 4597, 4581/7520, 258, 2860
941, 4603, 4587/7520, 258, 2860
941, 4637, 4621/7520, 258, 2864
941, 4657, 4641/7520, 258, 2864
941, 4703, 4687/7520, 258, 2868
941, 4723, 4707/7520, 258, 2870
941, 4733, 4717/7520, 258, 2870
941, 4783, 4767/7520, 257, 2874
941, 4787, 4771/7520, 257, 2874
941, 4799, 4783/7520, 257, 2874
941, 4813, 4797/7520, 257, 2876
941, 4871, 971/1504, 257, 2880
941, 4919, 4903/7520, 257, 2884
941, 4937, 4921/7520, 257, 2884
941, 4943, 4927/7520, 257, 2884
941, 4957, 4941/7520, 257, 2886
941, 4969, 4953/7520, 257, 2886
941, 4973, 4957/7520, 256, 2886
941, 4993, 4977/7520, 256, 2888
941, 5003, 4987/7520, 256, 2888

