509, 2179, 3/8, 100, 705
509, 2879, 1/2, 101, 730
509, 3449, 3/5, 101, 747
509, 3851, 2/3, 101, 757

521, 2221, 3/8, 103, 723
521, 2953, 1/2, 103, 750
521, 3539, 3/5, 104, 767
521, 3929, 2/3, 104, 777

557, 2389, 3/8, 111, 780
557, 3181, 1/2, 112, 809
557, 3779, 3/5, 112, 826
557, 4211, 2/3, 112, 837

569, 2411, 3/8, 114, 798
569, 3221, 1/2, 114, 828
569, 3863, 3/5, 114, 847
569, 4297, 2/3, 114, 857

571, 2467, 3/8, 114, 803
571, 3253, 1/2, 114, 832
571, 3917, 3/5, 115, 851
571, 4349, 2/3, 115, 862

593, 2521, 3/8, 119, 837
593, 3359, 1/2, 120, 867
593, 4049, 3/5, 120, 887
593, 4481, 2/3, 120, 898

607, 2591, 3/8, 122, 859
607, 3433, 1/2, 123, 890
607, 4129, 3/5, 123, 910
607, 4679, 2/3, 123, 924

617, 2617, 3/8, 125, 875
617, 3491, 1/2, 125, 907
617, 4211, 3/5, 125, 928
617, 4673, 2/3, 125, 939

631, 2791, 3/8, 127, 902
631, 3581, 1/2, 128, 930
631, 4327, 3/5, 128, 952
631, 4759, 2/3, 128, 963

641, 2729, 3/8, 130, 914
641, 3623, 1/2, 131, 946
641, 4391, 3/5, 131, 969
641, 4831, 2/3, 131, 980

653, 2767, 3/8, 133, 932
653, 3691, 1/2, 133, 966
653, 4451, 3/5, 133, 988
653, 4937, 2/3, 133, 1000

677, 2879, 3/8, 138, 972
677, 3877, 1/2, 138, 1008
677, 4597, 3/5, 139, 1029
677, 5107, 2/3, 139, 1041

691, 2953, 3/8, 141, 995
691, 3911, 1/2, 142, 1030
691, 4721, 3/5, 142, 1053
691, 5231, 2/3, 142, 1066

701, 2999, 3/8, 143, 1011
701, 4019, 1/2, 144, 1048
701, 4759, 3/5, 144, 1069
701, 5303, 2/3, 144, 1083

739, 3209, 3/8, 152, 1075
739, 4177, 1/2, 152, 1110
739, 5021, 3/5, 153, 1135
739, 5623, 2/3, 153, 1150

751, 3209, 3/8, 155, 1092
751, 4259, 1/2, 155, 1131
751, 5113, 3/5, 156, 1155
751, 5669, 2/3, 156, 1169

773, 3299, 3/8, 159, 1128
773, 4409, 1/2, 160, 1169
773, 5273, 3/5, 160, 1194
773, 5839, 2/3, 161, 1208

797, 3389, 3/8, 165, 1167
797, 4513, 1/2, 166, 1208
797, 5417, 3/5, 166, 1235
797, 6011, 2/3, 166, 1250

809, 3433, 3/8, 168, 1187
809, 4583, 1/2, 169, 1229
809, 5507, 3/5, 169, 1256
809, 6101, 2/3, 169, 1271

811, 3461, 3/8, 168, 1191
811, 4583, 1/2, 169, 1232
811, 5501, 3/5, 169, 1259
811, 6121, 2/3, 169, 1274

821, 3511, 3/8, 170, 1208
821, 4643, 1/2, 171, 1249
821, 5569, 3/5, 171, 1276
821, 6197, 2/3, 172, 1292

823, 3499, 3/8, 171, 1210
823, 4657, 1/2, 171, 1253
823, 5623, 3/5, 172, 1280
823, 6203, 2/3, 172, 1295

857, 3643, 3/8, 178, 1266
857, 4877, 1/2, 179, 1311
857, 5813, 3/5, 180, 1339
857, 6473, 2/3, 180, 1355

859, 3643, 3/8, 179, 1269
859, 4889, 1/2, 180, 1315
859, 5827, 3/5, 180, 1342
859, 6473, 2/3, 181, 1358

881, 3793, 3/8, 184, 1308
881, 4987, 1/2, 185, 1352
881, 6011, 3/5, 185, 1381
881, 6653, 2/3, 185, 1397

907, 3851, 3/8, 190, 1349
907, 5153, 1/2, 191, 1397
907, 6211, 3/5, 191, 1428
907, 6841, 2/3, 191, 1443

929, 3967, 3/8, 195, 1387
929, 5261, 1/2, 196, 1434
929, 6311, 3/5, 196, 1465
929, 7001, 2/3, 196, 1482

941, 4001, 3/8, 198, 1407
941, 5351, 1/2, 198, 1456
941, 6421, 3/5, 199, 1487
941, 7103, 2/3, 199, 1504

953, 4049, 3/8, 200, 1427
953, 5399, 1/2, 201, 1476
953, 6469, 3/5, 202, 1507
953, 7229, 2/3, 202, 1526

977, 4153, 3/8, 206, 1467
977, 5527, 1/2, 207, 1517
977, 6653, 3/5, 207, 1550
977, 7411, 2/3, 207, 1569

1013, 4297, 3/8, 214, 1527
1013, 5737, 1/2, 215, 1580
1013, 6871, 3/5, 215, 1613
1013, 7639, 2/3, 216, 1632
